1 0.7104 0.6907 0.03281 0.1083
1 0.4792 0.5509 0.0224 0.09444
1 0.004687 0.6083 0.009375 0.1204
1 0.2859 0.6898 0.02448 0.1222
1 0.876 0.4426 0.01615 0.08704
1 0.5703 0.3861 0.01875 0.07407
1 0.7219 0.4926 0.02708 0.08796
1 0.5734 0.5907 0.04271 0.04907
1 0.4333 0.5167 0.01979 0.09537
1 0.2156 0.3889 0.01562 0.06852
1 0.975 0.5213 0.01823 0.09444
1 0.5667 0.488 0.02031 0.09259
2 0.4349 0.4731 0.01875 0.06111
1 0.1375 0.4343 0.01354 0.0713
1 0.3755 0.5935 0.02969 0.1111
2 0.1411 0.2343 0.01094 0.03981
0 0.4281 0.5648 0.005729 0.01111
1 0.425 0.5278 0.02448 0.08796
1 0.2099 0.7306 0.03021 0.1194
1 0.009375 0.562 0.01875 0.09907
1 0.8901 0.713 0.02917 0.112
1 0.963 0.5333 0.02865 0.09537
