1 0.5286 0.6843 0.0276 0.1056
1 0.6354 0.5565 0.02344 0.07593
1 0.2292 0.6241 0.02448 0.09352
1 0.8531 0.4546 0.01771 0.07407
1 0.7302 0.3852 0.01667 0.05926
1 0.6281 0.575 0.02552 0.08611
1 0.3635 0.662 0.02292 0.1111
1 0.5146 0.5037 0.0349 0.07685
1 0.2437 0.3769 0.01198 0.05926
1 0.8661 0.5009 0.01302 0.08056
1 0.6281 0.4241 0.01823 0.07037
1 0.2911 0.3759 0.01667 0.04444
2 0.4839 0.4657 0.02187 0.07407
1 0.4391 0.4583 0.02604 0.07407
1 0.2885 0.5926 0.02708 0.08704
2 0.3422 0.2565 0.009375 0.03241
0 0.3896 0.2861 0.009375 0.01389
1 0.1745 0.4565 0.02031 0.06759
1 0.2578 0.65 0.025 0.09259
1 0.1854 0.6194 0.03958 0.08889
1 0.7495 0.7324 0.03229 0.112
1 0.9036 0.5907 0.03125 0.09352
