1 0.487 0.8843 0.05208 0.1472
1 0.4891 0.5889 0.01979 0.113
1 0.5073 0.5787 0.03125 0.1139
1 0.6604 0.6944 0.02917 0.1315
1 0.9901 0.412 0.01562 0.09352
1 0.8906 0.3361 0.01823 0.07407
1 0.8036 0.475 0.03021 0.08333
1 0.7385 0.5463 0.02031 0.09907
1 0.5583 0.3898 0.01823 0.08056
1 0.5104 0.3407 0.01615 0.06574
1 0.5156 0.4769 0.03073 0.08981
1 0.5026 0.3259 0.025 0.0537
1 0.4927 0.2833 0.01198 0.05463
2 0.4568 0.363 0.02396 0.07315
1 0.3365 0.4028 0.01927 0.08704
1 0.1344 0.4704 0.01458 0.1009
2 0.1052 0.2639 0.01406 0.0537
0 0.4958 0.5111 0.007812 0.01019
