1 0.7068 0.6907 0.0349 0.1102
1 0.4766 0.5491 0.02187 0.09352
1 0.004687 0.6083 0.009375 0.1204
1 0.2865 0.688 0.02448 0.1222
1 0.8755 0.4426 0.01875 0.08704
1 0.5714 0.3852 0.01771 0.07407
1 0.7224 0.4917 0.02448 0.08796
1 0.5755 0.5917 0.04167 0.05
1 0.4328 0.5157 0.01979 0.0963
1 0.2156 0.388 0.01615 0.06944
1 0.9745 0.5204 0.01823 0.09537
1 0.5682 0.487 0.02083 0.09259
2 0.4349 0.4713 0.01875 0.06111
1 0.1359 0.4324 0.01406 0.07222
1 0.3682 0.5917 0.03125 0.1093
2 0.1401 0.2324 0.01094 0.03981
0 0.4255 0.5676 0.00625 0.01111
1 0.4266 0.5287 0.02396 0.08796
1 0.2042 0.7306 0.03177 0.1194
1 0.008333 0.562 0.01667 0.09907
1 0.8865 0.712 0.03021 0.1139
1 0.9599 0.5324 0.02865 0.09444
