1 0.4427 0.7472 0.03438 0.1139
1 0.5943 0.6065 0.03385 0.07963
1 0.7323 0.4444 0.01771 0.06944
1 0.5901 0.3713 0.01042 0.05648
1 0.4776 0.587 0.02187 0.09259
1 0.1141 0.787 0.0349 0.125
1 0.3979 0.4972 0.01771 0.08056
1 0.03438 0.3833 0.01458 0.05741
1 0.7323 0.488 0.01927 0.0713
1 0.512 0.4074 0.01458 0.06481
1 0.1562 0.3639 0.01302 0.04815
2 0.363 0.4648 0.01667 0.075
1 0.3083 0.4509 0.01615 0.075
1 0.1656 0.5546 0.03438 0.08704
2 0.1516 0.2657 0.009375 0.03333
0 0.6698 0.4556 0.009375 0.01759
1 0.008333 0.4343 0.01719 0.06481
1 0.03177 0.7639 0.03385 0.1157
1 0.562 0.7769 0.03229 0.1204
1 0.7396 0.5537 0.03177 0.08611
