1 0.7969 0.5981 0.02292 0.07778
1 0.1177 0.4426 0.01979 0.05926
1 0.2635 0.5639 0.02708 0.06389
1 0.9604 0.5907 0.02135 0.08981
1 0.5896 0.6213 0.03281 0.0787
1 0.851 0.4565 0.0151 0.06296
1 0.4807 0.3778 0.01146 0.05185
1 0.8234 0.3537 0.01094 0.03889
2 0.8964 0.462 0.0151 0.06667
1 0.8151 0.437 0.01354 0.06111
1 0.5411 0.4731 0.0151 0.06574
2 0.5672 0.3009 0.009896 0.03241
0 0.1766 0.2546 0.005208 0.009259
1 0.4677 0.3722 0.01146 0.04907
1 0.4042 0.8657 0.03438 0.1111
1 0.1698 0.5852 0.02292 0.08889
3 0.1073 0.4111 0.01302 0.05833
