1 0.8917 0.5963 0.0224 0.08426
1 0.3359 0.4824 0.0276 0.06667
1 0.324 0.6176 0.02656 0.07963
1 0.7328 0.5806 0.02031 0.07593
1 0.7849 0.4667 0.01302 0.06667
1 0.5099 0.4269 0.01198 0.05556
1 0.8422 0.3694 0.01146 0.04167
2 0.9938 0.4815 0.01094 0.06667
1 0.8094 0.4546 0.01667 0.06574
1 0.613 0.4852 0.01927 0.06389
2 0.5047 0.3398 0.009375 0.03519
0 0.1214 0.4796 0.005208 0.007407
1 0.499 0.413 0.01302 0.0537
1 0.4437 0.8963 0.03594 0.1333
1 0.151 0.5778 0.0224 0.08333
3 0.08594 0.4556 0.01823 0.05926
