1 0.7292 0.7463 0.03906 0.113
1 0.4047 0.6759 0.03854 0.1093
1 0.5344 0.412 0.02135 0.06852
1 0.3099 0.3694 0.01458 0.0713
1 0.4047 0.5796 0.03542 0.09815
1 0.1437 0.6565 0.01927 0.1083
1 0.1313 0.4722 0.02865 0.08611
1 0.5807 0.4546 0.0224 0.08241
1 0.2437 0.4093 0.01875 0.07685
2 0.175 0.4444 0.01927 0.08148
1 0.0401 0.4713 0.02552 0.08704
0 0.8521 0.7037 0.009375 0.01574
1 0.8323 0.7176 0.02865 0.1009
1 0.7385 0.5259 0.0276 0.08889
3 0.9479 0.3167 0.02187 0.06204
2 0.9891 0.7815 0.02083 0.125
