1 0.7156 0.6889 0.0276 0.1157
1 0.4911 0.5574 0.04167 0.08426
1 0.007812 0.6167 0.01562 0.1222
1 0.2755 0.6898 0.02292 0.1231
1 0.8651 0.4481 0.02448 0.08704
1 0.5677 0.3889 0.01198 0.07037
1 0.7214 0.4926 0.01771 0.08519
1 0.5568 0.5944 0.04375 0.0463
1 0.438 0.5213 0.03125 0.08889
1 0.2094 0.3935 0.01562 0.0713
1 0.9583 0.5204 0.01875 0.09074
1 0.5573 0.488 0.01667 0.08981
2 0.4271 0.4861 0.02187 0.07685
1 0.137 0.4352 0.01146 0.0713
1 0.4047 0.5981 0.04375 0.09907
2 0.1401 0.2398 0.01094 0.03981
0 0.4182 0.5583 0.005729 0.01111
1 0.4026 0.5231 0.03958 0.08796
1 0.2193 0.7278 0.03229 0.125
1 0.007292 0.5685 0.0151 0.1093
1 0.901 0.7213 0.03073 0.1241
1 0.9672 0.5352 0.03594 0.08981
