1 0.5125 0.6991 0.02813 0.1009
1 0.6375 0.5713 0.02708 0.07315
1 0.1349 0.6343 0.02292 0.09722
1 0.8281 0.4583 0.01615 0.06296
1 0.6875 0.3861 0.01615 0.05741
1 0.5896 0.5759 0.025 0.08426
1 0.2964 0.713 0.02813 0.1102
1 0.4859 0.5065 0.03385 0.075
1 0.1656 0.3824 0.0125 0.05648
1 0.8234 0.5028 0.02083 0.0787
1 0.5885 0.4296 0.0151 0.07037
1 0.2365 0.3741 0.01302 0.05093
2 0.4437 0.4722 0.01927 0.07407
1 0.4115 0.4648 0.02656 0.0713
1 0.2854 0.5769 0.03438 0.07778
2 0.2771 0.2657 0.009896 0.03333
0 0.4781 0.212 0.008854 0.01296
1 0.1349 0.4546 0.02292 0.06296
1 0.2156 0.6991 0.0526 0.09352
1 0.06354 0.6287 0.02708 0.09907
1 0.7109 0.7639 0.03073 0.1167
1 0.8781 0.5907 0.03177 0.08241
