1 0.5677 0.7296 0.02604 0.1278
1 0.4443 0.6111 0.03698 0.09722
1 0.6536 0.4417 0.02292 0.07963
1 0.3286 0.3907 0.01927 0.07037
1 0.5156 0.5074 0.01562 0.09074
1 0.3443 0.6741 0.02865 0.08981
1 0.2073 0.4991 0.02187 0.08519
1 0.7214 0.5028 0.01719 0.08889
1 0.2932 0.4907 0.02187 0.08889
2 0.1885 0.5167 0.02135 0.09352
1 0.351 0.6741 0.04063 0.09907
0 0.3411 0.6241 0.01094 0.01481
1 0.1141 0.5287 0.02656 0.08889
1 0.8193 0.7407 0.03854 0.1185
1 0.8396 0.5306 0.02865 0.08611
3 0.8958 0.325 0.0151 0.06296
