1 0.576 0.8926 0.05729 0.15
1 0.5078 0.5787 0.02344 0.1157
1 0.4729 0.5602 0.04115 0.1074
1 0.6536 0.7074 0.04167 0.1315
1 0.9042 0.3278 0.01615 0.075
1 0.7943 0.4639 0.03177 0.09444
1 0.7432 0.5583 0.04115 0.06204
1 0.5589 0.388 0.01927 0.0787
1 0.5021 0.3333 0.02656 0.06111
1 0.5391 0.4676 0.02552 0.09444
1 0.5625 0.3139 0.02656 0.06019
1 0.5115 0.275 0.01458 0.0537
2 0.487 0.3583 0.01823 0.07407
1 0.3526 0.388 0.01667 0.08704
1 0.1375 0.463 0.01458 0.1009
2 0.1109 0.2528 0.01406 0.05556
0 0.3 0.4963 0.01198 0.01019
