1 0.8745 0.5954 0.02187 0.08148
1 0.2938 0.4731 0.02813 0.06389
1 0.301 0.5954 0.02396 0.07407
1 0.6974 0.5741 0.02604 0.075
1 0.8099 0.4676 0.01302 0.06481
1 0.5161 0.4157 0.01354 0.05278
1 0.8474 0.3713 0.01354 0.03611
2 0.9745 0.4787 0.02135 0.06481
1 0.8224 0.4509 0.01302 0.06296
1 0.6099 0.4843 0.01667 0.06667
2 0.5156 0.338 0.008854 0.02963
0 0.113 0.4722 0.004687 0.007407
1 0.5057 0.4019 0.01094 0.05
1 0.4375 0.8806 0.02917 0.1315
1 0.162 0.5833 0.01875 0.08519
3 0.1151 0.4481 0.01406 0.04907
