1 0.8573 0.5926 0.01875 0.07778
1 0.2516 0.4611 0.02083 0.05926
1 0.2958 0.5778 0.02083 0.07593
1 0.6625 0.5787 0.0151 0.06389
1 0.8469 0.4676 0.01302 0.06574
1 0.5229 0.4065 0.01146 0.04907
1 0.8594 0.3657 0.009375 0.03704
2 0.951 0.4704 0.01458 0.06019
1 0.8359 0.4491 0.01302 0.05648
1 0.6031 0.4769 0.02031 0.06667
2 0.5458 0.3287 0.009375 0.03426
0 0.1286 0.4667 0.004687 0.006481
1 0.5104 0.3926 0.01615 0.04352
1 0.4339 0.8676 0.02865 0.1222
1 0.1682 0.5852 0.02292 0.08796
3 0.138 0.4398 0.02396 0.05093
