1 0.612 0.663 0.03073 0.1065
1 0.5161 0.5685 0.02552 0.09444
1 0.1557 0.5343 0.02292 0.09352
1 0.501 0.6231 0.02187 0.1019
1 0.9354 0.4343 0.02187 0.08056
1 0.6474 0.375 0.01562 0.06574
1 0.7755 0.5046 0.02292 0.08796
1 0.7135 0.5852 0.03646 0.05556
1 0.513 0.4731 0.01771 0.08426
1 0.3557 0.3713 0.01406 0.05926
1 0.9578 0.5056 0.02448 0.08981
1 0.675 0.4611 0.02448 0.08056
1 0.1464 0.4806 0.01823 0.08148
2 0.537 0.4676 0.02083 0.0787
1 0.262 0.3889 0.01354 0.06019
1 0.3068 0.5278 0.02083 0.09259
2 0.288 0.2417 0.01042 0.03704
0 0.5505 0.6148 0.009896 0.01296
1 0.5042 0.4898 0.02344 0.08426
1 0.2047 0.6796 0.03281 0.1093
1 0.07448 0.5648 0.02396 0.0963
1 0.7854 0.7296 0.03438 0.112
1 0.9276 0.5574 0.02708 0.09259
