1 0.8661 0.5954 0.02292 0.08333
1 0.275 0.4667 0.02813 0.06111
1 0.2969 0.5852 0.02135 0.07778
1 0.6797 0.5778 0.02292 0.06759
1 0.8286 0.4657 0.01302 0.06667
1 0.5203 0.4111 0.01146 0.05093
1 0.8536 0.3704 0.01094 0.03981
2 0.9635 0.475 0.02708 0.06296
1 0.8297 0.4509 0.01719 0.05926
1 0.6104 0.4824 0.02083 0.06481
2 0.5297 0.3333 0.009896 0.02963
0 0.1224 0.4722 0.004687 0.006481
1 0.5089 0.3963 0.008854 0.0463
1 0.4354 0.8769 0.03854 0.1259
1 0.1677 0.5852 0.02135 0.08796
3 0.1276 0.4454 0.02135 0.04815
