1 0.4417 0.7824 0.03438 0.1213
1 0.5568 0.6583 0.0349 0.09722
1 0.02656 0.6222 0.02656 0.0963
1 0.762 0.4194 0.02187 0.06574
1 0.6448 0.3565 0.01667 0.05278
1 0.4802 0.6056 0.02604 0.09444
1 0.07969 0.7843 0.03646 0.1167
1 0.4391 0.4602 0.0224 0.0787
1 0.1182 0.35 0.01302 0.0537
1 0.7885 0.4444 0.02187 0.06667
1 0.5943 0.3667 0.01875 0.06019
1 0.2792 0.325 0.01406 0.04259
2 0.438 0.4361 0.01719 0.06481
1 0.3458 0.4204 0.01927 0.06759
1 0.1781 0.5194 0.02552 0.08333
2 0.224 0.2444 0.006771 0.02963
0 0.687 0.5509 0.00625 0.01019
1 0.06094 0.3898 0.01979 0.06204
1 0.09792 0.7111 0.03542 0.09722
1 0.513 0.7426 0.03802 0.1056
1 0.8026 0.5222 0.02187 0.07315
