1 0.4229 0.7639 0.03125 0.1278
1 0.5609 0.6241 0.02708 0.09444
1 0.7167 0.4361 0.01354 0.07037
1 0.5844 0.3676 0.01562 0.05741
1 0.4599 0.5991 0.02656 0.1019
1 0.07604 0.7889 0.03906 0.1278
1 0.3922 0.4833 0.02552 0.07963
1 0.0401 0.3778 0.01719 0.05741
1 0.7307 0.4667 0.01667 0.06481
1 0.5188 0.3963 0.0125 0.06296
1 0.1812 0.3546 0.01146 0.04722
2 0.3693 0.4565 0.01615 0.0713
1 0.2974 0.4417 0.02552 0.07222
1 0.1495 0.5463 0.02292 0.08704
2 0.1531 0.2648 0.01302 0.03333
0 0.7063 0.5574 0.006771 0.01111
1 0.005208 0.4231 0.01042 0.06296
1 0.02344 0.7602 0.03438 0.1065
1 0.5172 0.7611 0.04219 0.113
1 0.7401 0.5472 0.02135 0.08333
