1 0.9266 0.7694 0.03125 0.1157
1 0.7755 0.612 0.02344 0.08241
1 0.07344 0.4491 0.01875 0.06759
1 0.2484 0.5787 0.02344 0.07315
1 0.9177 0.6009 0.02031 0.09444
1 0.5417 0.6593 0.02917 0.08981
1 0.8245 0.4611 0.01302 0.06481
1 0.4547 0.3778 0.01042 0.04907
1 0.7859 0.3528 0.0125 0.04167
2 0.8625 0.4639 0.0151 0.06481
1 0.7844 0.4407 0.01354 0.06574
1 0.5167 0.4787 0.01458 0.06574
2 0.5599 0.2972 0.007812 0.03519
0 0.2047 0.2454 0.006771 0.009259
1 0.438 0.3759 0.0125 0.05
1 0.3948 0.8722 0.03385 0.1315
1 0.1724 0.5917 0.01979 0.08704
3 0.08802 0.4046 0.01302 0.05648
