1 0.8479 0.5833 0.02396 0.07963
1 0.3266 0.4815 0.0224 0.06667
1 0.3458 0.6537 0.03542 0.08704
1 0.9807 0.5343 0.02031 0.07315
1 0.7281 0.5741 0.03125 0.07593
1 0.7036 0.4537 0.01615 0.06296
1 0.449 0.4231 0.01458 0.05648
1 0.7797 0.3602 0.01042 0.04259
2 0.9552 0.4704 0.02292 0.06574
1 0.7276 0.4454 0.01823 0.06574
1 0.5323 0.475 0.01771 0.06852
2 0.4359 0.3343 0.0125 0.03704
0 0.137 0.4806 0.005208 0.007407
1 0.4188 0.4185 0.01875 0.0537
1 0.4193 0.9167 0.03385 0.1389
1 0.04427 0.5694 0.02448 0.08889
