1 0.6542 0.7287 0.04688 0.112
1 0.4276 0.638 0.02656 0.1056
1 0.02813 0.6278 0.02604 0.1093
1 0.625 0.4046 0.025 0.07315
1 0.4448 0.3491 0.0151 0.06667
1 0.4594 0.5667 0.03385 0.09815
1 0.263 0.6037 0.02031 0.1065
1 0.2578 0.4491 0.02552 0.08148
1 0.03333 0.3602 0.01771 0.06296
1 0.6724 0.4444 0.02396 0.075
1 0.3786 0.3843 0.01771 0.07315
1 0.01042 0.3907 0.02031 0.06204
2 0.2771 0.4213 0.02031 0.07407
1 0.1745 0.4389 0.01823 0.08333
2 0.1068 0.2083 0.009375 0.03519
0 0.8521 0.662 0.009375 0.01574
1 0.8031 0.6935 0.04063 0.1028
1 0.7911 0.5231 0.03646 0.08611
