1 0.5172 0.6954 0.0276 0.1009
1 0.6375 0.5676 0.02708 0.07407
1 0.1594 0.6306 0.02031 0.09815
1 0.8333 0.4574 0.0151 0.06389
1 0.6995 0.3861 0.01823 0.05648
1 0.6016 0.5759 0.02448 0.08241
1 0.312 0.7 0.0276 0.1074
1 0.4943 0.5056 0.02969 0.07778
1 0.1865 0.3824 0.01302 0.05648
1 0.8339 0.5028 0.02187 0.07778
1 0.5969 0.4296 0.0151 0.07037
1 0.2521 0.375 0.01302 0.05
2 0.4536 0.4713 0.01823 0.07407
1 0.4188 0.4648 0.02448 0.07315
1 0.2896 0.5806 0.03594 0.08426
2 0.2938 0.2648 0.009375 0.03241
0 0.4578 0.2157 0.008854 0.01296
1 0.1469 0.4537 0.0224 0.06389
1 0.2281 0.6907 0.04635 0.09444
1 0.09219 0.625 0.02552 0.09815
1 0.7224 0.7574 0.03177 0.1148
1 0.8891 0.5935 0.03281 0.08519
