1 0.4938 0.8852 0.05781 0.1444
1 0.4891 0.5889 0.01979 0.113
1 0.5062 0.5796 0.0349 0.1111
1 0.6599 0.6981 0.03073 0.1306
1 0.9901 0.4111 0.01562 0.09352
1 0.8896 0.3361 0.01719 0.075
1 0.8031 0.4741 0.03177 0.08241
1 0.7365 0.5463 0.02292 0.09722
1 0.5563 0.3907 0.01875 0.08056
1 0.5099 0.3398 0.01875 0.06389
1 0.5135 0.4769 0.03073 0.08704
1 0.5083 0.3222 0.02552 0.04722
1 0.4927 0.2824 0.01198 0.05463
2 0.4594 0.363 0.02396 0.07315
1 0.3375 0.4028 0.01875 0.08704
1 0.1344 0.4694 0.01458 0.1009
2 0.1057 0.263 0.01406 0.0537
0 0.4901 0.5093 0.009896 0.01019
