1 0.8708 0.5944 0.02448 0.08241
1 0.2865 0.4722 0.02708 0.06296
1 0.299 0.5926 0.02448 0.07222
1 0.6911 0.5741 0.025 0.07315
1 0.813 0.4685 0.01302 0.06296
1 0.5161 0.4139 0.01354 0.05278
1 0.8479 0.3704 0.01354 0.03519
2 0.9698 0.4778 0.02344 0.06481
1 0.8245 0.45 0.01302 0.06296
1 0.6078 0.4843 0.0151 0.06667
2 0.5177 0.338 0.008854 0.02778
0 0.1151 0.4731 0.004687 0.006481
1 0.5062 0.4 0.01146 0.04815
1 0.4354 0.8778 0.02448 0.1333
1 0.163 0.5843 0.01875 0.08519
3 0.1182 0.4481 0.0125 0.04722
