1 0.6943 0.5704 0.02031 0.1019
1 0.3016 0.5176 0.03333 0.08796
1 0.5677 0.7593 0.03646 0.1287
1 0.9156 0.5028 0.01823 0.09444
1 0.724 0.5657 0.02813 0.09815
1 0.7391 0.4287 0.03073 0.07778
1 0.4797 0.3769 0.01979 0.06667
1 0.9677 0.5093 0.03177 0.09352
1 0.9828 0.3676 0.02448 0.07222
1 0.7411 0.3093 0.01615 0.05278
2 0.7651 0.4083 0.01875 0.0787
1 0.5672 0.4019 0.01771 0.07963
1 0.2672 0.4861 0.02135 0.09167
2 0.2786 0.2787 0.0125 0.04815
0 0.2516 0.5185 0.006771 0.01111
1 0.151 0.3963 0.0224 0.07407
1 0.2167 0.963 0.03125 0.07315
