1 0.5417 0.6685 0.025 0.113
1 0.6094 0.5491 0.02083 0.08333
1 0.05 0.4852 0.02552 0.08148
1 0.3068 0.6046 0.02031 0.08056
1 0.876 0.4509 0.02083 0.07963
1 0.7641 0.3796 0.01719 0.06111
1 0.6245 0.5704 0.02187 0.08611
1 0.4318 0.6093 0.025 0.09722
1 0.5354 0.4898 0.01927 0.08704
1 0.3135 0.3639 0.01146 0.05741
1 0.9047 0.4917 0.02187 0.08056
1 0.6682 0.4148 0.01719 0.07222
1 0.3281 0.3713 0.01562 0.05463
2 0.5188 0.4528 0.01615 0.07407
1 0.4578 0.4426 0.01927 0.0787
1 0.2943 0.562 0.0349 0.05926
2 0.3937 0.2398 0.008333 0.03426
0 0.3297 0.4898 0.01094 0.01759
1 0.1974 0.462 0.01979 0.075
1 0.2958 0.6222 0.02031 0.07407
1 0.2656 0.5583 0.02344 0.08611
1 0.762 0.6944 0.02552 0.1065
1 0.9271 0.5852 0.02344 0.09907
