1 0.4656 0.737 0.03333 0.112
1 0.6161 0.5944 0.03438 0.075
1 0.00625 0.6426 0.01198 0.08704
1 0.7667 0.4583 0.025 0.06389
1 0.6083 0.3759 0.01615 0.05556
1 0.5047 0.5815 0.01979 0.07963
1 0.1698 0.7731 0.04688 0.1231
1 0.4198 0.5056 0.02552 0.07778
1 0.04948 0.3852 0.01615 0.05741
1 0.749 0.4954 0.01979 0.08056
1 0.526 0.4213 0.01927 0.06296
1 0.1547 0.3713 0.01354 0.0537
2 0.3724 0.4713 0.01719 0.07315
1 0.3385 0.463 0.02344 0.06574
1 0.2036 0.5602 0.03229 0.08241
2 0.1688 0.2667 0.007812 0.03333
0 0.5865 0.3185 0.009375 0.01574
1 0.03021 0.4444 0.02396 0.06667
1 0.08906 0.7509 0.05417 0.09537
1 0.6161 0.7907 0.0349 0.1213
1 0.7734 0.5648 0.02135 0.08889
