1 0.5682 0.7176 0.05625 0.0963
1 0.4714 0.5981 0.03333 0.1019
1 0.0125 0.4935 0.025 0.09259
1 0.2016 0.5861 0.02396 0.1
1 0.763 0.4157 0.02031 0.0787
1 0.6141 0.3481 0.01667 0.06481
1 0.5276 0.5694 0.02969 0.09352
1 0.3839 0.5806 0.02813 0.09167
1 0.4094 0.4509 0.01875 0.08611
1 0.2078 0.3444 0.01719 0.06019
1 0.7948 0.4546 0.02344 0.07685
1 0.5474 0.3787 0.01875 0.07315
1 0.1698 0.3676 0.0125 0.06019
2 0.3922 0.4185 0.02083 0.07407
1 0.3297 0.4231 0.01875 0.0787
1 0.2167 0.6269 0.04375 0.06667
2 0.2714 0.2037 0.008854 0.03333
0 0.7807 0.7574 0.01094 0.0213
1 0.06563 0.4713 0.02083 0.0787
1 0.1406 0.6472 0.04271 0.1148
1 0.06042 0.5407 0.03073 0.09074
1 0.7615 0.6917 0.03802 0.1019
1 0.8682 0.5463 0.03698 0.08611
