1 0.4703 0.7333 0.03438 0.1083
1 0.6172 0.5917 0.03385 0.07407
1 0.01146 0.6426 0.01615 0.08889
1 0.7724 0.4583 0.025 0.06389
1 0.6146 0.3759 0.01615 0.05556
1 0.5125 0.5787 0.02083 0.0787
1 0.1828 0.7722 0.04583 0.1222
1 0.425 0.5056 0.02604 0.0787
1 0.05781 0.3852 0.01719 0.05741
1 0.7542 0.4963 0.01979 0.08056
1 0.5312 0.4222 0.01979 0.06481
1 0.1604 0.3713 0.01354 0.0537
2 0.3771 0.4713 0.01719 0.07315
1 0.3453 0.4639 0.02448 0.06667
1 0.2141 0.563 0.03385 0.08148
2 0.1766 0.2657 0.008854 0.03333
0 0.5698 0.2935 0.009375 0.01574
1 0.03906 0.4454 0.02552 0.06574
1 0.1016 0.7481 0.05052 0.09722
1 0.6245 0.787 0.03438 0.1222
1 0.7828 0.5667 0.02396 0.08889
