1 0.7036 0.7509 0.02083 0.08889
1 0.6901 0.6352 0.02135 0.09537
1 0.2099 0.5861 0.02135 0.09537
1 0.9682 0.3917 0.0151 0.06111
1 0.7359 0.6111 0.01979 0.09444
1 0.2979 0.7528 0.02813 0.1185
1 0.7021 0.4556 0.01615 0.07685
1 0.3714 0.3509 0.009896 0.05
1 0.8875 0.3907 0.01406 0.06111
1 0.6177 0.3269 0.0125 0.04167
2 0.737 0.4491 0.0151 0.07315
1 0.6474 0.4222 0.0151 0.06759
1 0.4125 0.4843 0.01979 0.08056
2 0.4844 0.2611 0.008854 0.03333
0 0.3891 0.6343 0.01458 0.01944
1 0.3276 0.3639 0.01406 0.05463
1 0.3359 0.7157 0.02813 0.125
1 0.1271 0.587 0.02708 0.0963
3 0.01146 0.3722 0.01562 0.06019
1 0.7094 0.788 0.02813 0.1167
