1 0.7786 0.9148 0.06615 0.1685
1 0.5693 0.5759 0.025 0.1176
1 0.4224 0.5287 0.04479 0.1083
1 0.65 0.7194 0.03906 0.1324
1 0.9917 0.3222 0.0151 0.08241
1 0.8141 0.4657 0.02396 0.09815
1 0.7682 0.5426 0.03177 0.1037
1 0.6349 0.3889 0.02031 0.08704
1 0.4932 0.3352 0.01771 0.06944
1 0.651 0.4741 0.02969 0.09167
1 0.6969 0.313 0.02604 0.06759
1 0.5984 0.2704 0.01615 0.05833
2 0.5641 0.3611 0.01979 0.07593
1 0.4151 0.3833 0.01875 0.08981
1 0.1672 0.4611 0.03021 0.09537
2 0.1505 0.2463 0.01562 0.05556
0 0.1672 0.4861 0.006771 0.01111
