1 0.6406 0.7259 0.04583 0.1083
1 0.4323 0.6315 0.02292 0.1019
1 0.05156 0.6176 0.02448 0.1009
1 0.6406 0.4056 0.02396 0.0713
1 0.4703 0.3472 0.0151 0.06481
1 0.4677 0.5657 0.03698 0.09722
1 0.2828 0.5972 0.025 0.1019
1 0.2771 0.4463 0.02344 0.08241
1 0.0599 0.3565 0.01354 0.06481
1 0.6854 0.4444 0.02656 0.075
1 0.4042 0.3824 0.01927 0.07222
1 0.02656 0.3861 0.02031 0.06204
2 0.2911 0.4204 0.0224 0.07407
1 0.1969 0.4352 0.02708 0.08241
1 0.01146 0.6343 0.0224 0.112
2 0.1333 0.2065 0.01302 0.03333
0 0.8464 0.6343 0.009375 0.01574
1 0.7917 0.6917 0.05104 0.1028
1 0.8036 0.5324 0.02969 0.09074
