1 0.5437 0.7204 0.0401 0.0963
1 0.5031 0.5954 0.02969 0.08519
1 0.06198 0.4972 0.02083 0.09167
1 0.2656 0.5963 0.02604 0.09907
1 0.8193 0.438 0.02135 0.07963
1 0.6818 0.3685 0.01667 0.06481
1 0.5599 0.5852 0.02865 0.09537
1 0.425 0.5917 0.0224 0.09815
1 0.4724 0.4713 0.02031 0.08519
1 0.2667 0.3565 0.01302 0.06019
1 0.8547 0.4741 0.0224 0.08148
1 0.613 0.3981 0.01875 0.0713
1 0.2328 0.3769 0.01719 0.06019
2 0.451 0.4333 0.01667 0.07778
1 0.3854 0.4361 0.02448 0.075
1 0.274 0.6435 0.04635 0.04722
2 0.3302 0.2194 0.006771 0.03426
0 0.6896 0.5537 0.01094 0.01574
1 0.1135 0.4778 0.02604 0.07963
1 0.2104 0.6352 0.04063 0.09907
1 0.1234 0.5417 0.02187 0.09074
1 0.7474 0.7056 0.03958 0.09074
1 0.901 0.5694 0.03385 0.1
