1 0.6125 0.65 0.02604 0.09907
1 0.5401 0.5593 0.02187 0.08519
1 0.1958 0.5222 0.02344 0.08889
1 0.5318 0.612 0.02656 0.09815
1 0.9266 0.437 0.02396 0.07593
1 0.6604 0.3759 0.01562 0.06019
1 0.7802 0.5028 0.01458 0.08426
1 0.7255 0.5769 0.02969 0.0537
1 0.5339 0.463 0.01302 0.07778
1 0.3859 0.3731 0.0151 0.05926
1 0.9417 0.5046 0.01927 0.08148
1 0.6865 0.4574 0.02292 0.07593
1 0.1885 0.4704 0.01615 0.08241
2 0.5599 0.4676 0.02083 0.07222
1 0.2964 0.3898 0.01458 0.05833
1 0.3318 0.5204 0.02552 0.08426
2 0.3208 0.25 0.008333 0.03611
0 0.6016 0.6102 0.009896 0.01296
1 0.5234 0.4778 0.02292 0.07685
1 0.238 0.6519 0.02135 0.1083
1 0.1172 0.5528 0.0224 0.09167
1 0.7786 0.7176 0.02865 0.1056
1 0.9151 0.5528 0.03229 0.08796
