1 0.426 0.7731 0.03229 0.1204
1 0.5521 0.638 0.03177 0.09167
1 0.7286 0.4278 0.02135 0.06944
1 0.6026 0.363 0.01719 0.05741
1 0.4635 0.6019 0.0276 0.0963
1 0.06875 0.787 0.04531 0.1204
1 0.4052 0.4759 0.01979 0.07685
1 0.06979 0.3657 0.01615 0.05278
1 0.751 0.4556 0.01771 0.06296
1 0.5484 0.3833 0.01562 0.05833
1 0.2214 0.3417 0.01406 0.04352
2 0.3953 0.4491 0.01875 0.06944
1 0.3099 0.4352 0.01875 0.07222
1 0.1526 0.5333 0.0276 0.08241
2 0.1792 0.2565 0.005729 0.02963
0 0.6964 0.5833 0.006771 0.01111
1 0.02083 0.4102 0.01823 0.06389
1 0.03958 0.7389 0.04479 0.09722
1 0.5089 0.7528 0.03698 0.1056
1 0.7583 0.5389 0.025 0.07963
