1 0.4401 0.7815 0.03542 0.1213
1 0.5563 0.6574 0.03438 0.0963
1 0.02135 0.6241 0.02552 0.0963
1 0.7562 0.4194 0.02344 0.06667
1 0.6385 0.3574 0.01615 0.05278
1 0.4771 0.6046 0.02604 0.09444
1 0.07656 0.7852 0.03698 0.1157
1 0.4339 0.4611 0.02187 0.0787
1 0.1115 0.3519 0.01354 0.0537
1 0.7833 0.4454 0.02135 0.06667
1 0.5875 0.3676 0.01823 0.06019
1 0.2703 0.3259 0.01354 0.04259
2 0.4318 0.438 0.01562 0.06481
1 0.3406 0.4231 0.01875 0.06852
1 0.1734 0.5204 0.02604 0.08333
2 0.2172 0.2463 0.00625 0.0287
0 0.688 0.5528 0.00625 0.01019
1 0.05417 0.3917 0.01927 0.06204
1 0.08906 0.7139 0.03594 0.09722
1 0.5115 0.7435 0.03646 0.1056
1 0.7953 0.5241 0.02292 0.07407
