1 0.8688 0.5944 0.02396 0.08241
1 0.2818 0.4704 0.0276 0.06204
1 0.2979 0.5898 0.02344 0.07407
1 0.6865 0.575 0.02396 0.0713
1 0.8193 0.4676 0.01302 0.06481
1 0.5177 0.413 0.0125 0.05185
1 0.8505 0.3704 0.0125 0.03704
2 0.9677 0.4759 0.025 0.06389
1 0.8266 0.45 0.01458 0.06111
1 0.6089 0.4843 0.01719 0.06667
2 0.5229 0.337 0.009375 0.0287
0 0.1182 0.4722 0.004687 0.006481
1 0.5073 0.3991 0.01042 0.04722
1 0.4354 0.8769 0.03021 0.1306
1 0.1651 0.5833 0.01979 0.08611
3 0.1219 0.4472 0.01562 0.04722
