1 0.5542 0.6889 0.03802 0.1176
1 0.3901 0.5741 0.02813 0.1093
1 0.3266 0.6676 0.03177 0.1259
1 0.874 0.4148 0.0125 0.08889
1 0.5464 0.3593 0.01771 0.07407
1 0.6943 0.4926 0.02396 0.09444
1 0.6068 0.5972 0.04063 0.06019
1 0.3891 0.4583 0.02083 0.06111
1 0.1812 0.362 0.01823 0.075
1 0.9245 0.4963 0.0276 0.09815
1 0.5813 0.4648 0.03281 0.09444
2 0.4089 0.4639 0.0224 0.09167
1 0.06146 0.3935 0.01719 0.07407
1 0.1682 0.5491 0.03125 0.1093
2 0.09479 0.1981 0.009896 0.04352
0 0.3812 0.6287 0.008333 0.01296
1 0.3958 0.5046 0.02552 0.08519
1 0.01979 0.7481 0.03906 0.1389
1 0.7448 0.7352 0.04115 0.1204
1 0.887 0.5407 0.03073 0.1028
