1 0.6536 0.688 0.0401 0.1194
1 0.4401 0.55 0.03125 0.09259
1 0.2891 0.6861 0.03333 0.1259
1 0.8745 0.4324 0.02031 0.08889
1 0.5651 0.3778 0.02344 0.07315
1 0.7094 0.4907 0.03125 0.09259
1 0.588 0.5972 0.03854 0.05093
1 0.4208 0.5028 0.02083 0.09444
1 0.2036 0.3778 0.01927 0.07222
1 0.9661 0.513 0.02865 0.0963
1 0.5807 0.4796 0.01615 0.09444
2 0.4245 0.4537 0.02135 0.05278
1 0.1099 0.4176 0.01615 0.075
1 0.2828 0.5667 0.03854 0.1056
2 0.1172 0.2176 0.009375 0.04167
0 0.4 0.5926 0.007292 0.01204
1 0.4417 0.5352 0.0276 0.0963
1 0.1333 0.7361 0.03958 0.1315
1 0.8307 0.7037 0.03542 0.1093
1 0.9313 0.5296 0.03281 0.09722
