1 0.5255 0.6889 0.02604 0.1028
1 0.6333 0.5602 0.01979 0.07593
1 0.2125 0.6269 0.0224 0.09537
1 0.8474 0.4556 0.01771 0.07222
1 0.7234 0.3861 0.01927 0.05741
1 0.625 0.5759 0.02656 0.08333
1 0.35 0.6704 0.02344 0.1093
1 0.5094 0.5037 0.02604 0.08056
1 0.2339 0.3778 0.01458 0.05833
1 0.8594 0.5009 0.01823 0.0787
1 0.6198 0.4269 0.02083 0.07037
1 0.2854 0.3769 0.0151 0.04074
2 0.4755 0.4676 0.02135 0.07407
1 0.4328 0.4583 0.02135 0.075
1 0.2906 0.5898 0.03125 0.08796
2 0.3312 0.2593 0.009375 0.03241
0 0.4031 0.2657 0.009375 0.01389
1 0.1703 0.4574 0.02187 0.06759
1 0.251 0.662 0.02552 0.09444
1 0.1609 0.6213 0.03438 0.09537
1 0.7438 0.7407 0.03958 0.1111
1 0.8995 0.5935 0.02813 0.09167
