1 0.7151 0.6898 0.02813 0.1148
1 0.4906 0.5556 0.03958 0.08426
1 0.007292 0.6157 0.01458 0.1213
1 0.2766 0.6898 0.02292 0.1231
1 0.8661 0.4481 0.02396 0.08704
1 0.5682 0.388 0.01146 0.07037
1 0.7214 0.4926 0.01667 0.08519
1 0.5589 0.5944 0.04271 0.0463
1 0.4375 0.5204 0.03021 0.08981
1 0.2104 0.3926 0.01562 0.0713
1 0.9599 0.5213 0.01875 0.09167
1 0.5578 0.4889 0.01719 0.09074
2 0.4276 0.4843 0.02135 0.075
1 0.1375 0.4352 0.01198 0.0713
1 0.4016 0.5972 0.03854 0.1
2 0.1406 0.2389 0.01094 0.03981
0 0.4208 0.5583 0.005729 0.01111
1 0.4052 0.5222 0.03906 0.08796
1 0.2177 0.7278 0.03177 0.1241
1 0.007812 0.5676 0.01562 0.1083
1 0.8995 0.7204 0.03021 0.1231
1 0.9667 0.5352 0.03438 0.08889
