1 0.6995 0.6889 0.03125 0.1167
1 0.4729 0.5741 0.03073 0.06944
1 0.2448 0.7037 0.03125 0.1213
1 0.8323 0.4463 0.02031 0.08241
1 0.5385 0.3898 0.02083 0.06759
1 0.6927 0.4944 0.02656 0.08426
1 0.5167 0.5972 0.04896 0.04352
1 0.4297 0.513 0.02448 0.08611
1 0.1771 0.3991 0.01458 0.06944
1 0.9182 0.5213 0.02344 0.09537
1 0.5177 0.4861 0.02344 0.09074
2 0.4 0.4954 0.02031 0.08889
1 0.1078 0.4454 0.01406 0.07037
1 0.4214 0.6157 0.03646 0.1
2 0.1135 0.2435 0.009896 0.04074
0 0.4 0.563 0.00625 0.01204
1 0.3521 0.513 0.02708 0.09444
1 0.2109 0.7389 0.03698 0.1204
1 0.8875 0.7259 0.03438 0.1167
1 0.9443 0.5352 0.02656 0.09352
