1 0.6823 0.5769 0.0224 0.1093
1 0.3286 0.5148 0.03333 0.08611
1 0.6062 0.7519 0.03854 0.1259
1 0.9146 0.4954 0.01875 0.09907
1 0.7604 0.5639 0.03073 0.1
1 0.7599 0.4259 0.02448 0.0787
1 0.4943 0.3657 0.01875 0.0713
1 0.9187 0.5019 0.03281 0.1009
1 0.9505 0.3546 0.02292 0.07407
1 0.7427 0.2991 0.01354 0.05463
2 0.7365 0.3972 0.02448 0.07963
1 0.55 0.3972 0.01875 0.08333
1 0.2526 0.4926 0.025 0.09167
2 0.2604 0.2704 0.01562 0.05093
0 0.2349 0.5269 0.006771 0.01111
1 0.1198 0.3963 0.02135 0.08056
1 0.1224 0.9731 0.03542 0.05185
