1 0.8339 0.5806 0.02448 0.0787
1 0.3187 0.4815 0.02292 0.06667
1 0.3464 0.6611 0.03333 0.08796
1 0.9672 0.5296 0.01979 0.07037
1 0.7214 0.5741 0.03073 0.07593
1 0.6901 0.4509 0.01823 0.06389
1 0.4354 0.4231 0.01562 0.05833
1 0.7667 0.3583 0.01042 0.04352
2 0.9417 0.4676 0.02396 0.06667
1 0.7104 0.4435 0.01771 0.06574
1 0.5125 0.4741 0.01875 0.06852
2 0.4203 0.3333 0.01198 0.03704
0 0.1396 0.4787 0.005208 0.007407
1 0.4 0.4204 0.01927 0.0537
1 0.4099 0.9204 0.0401 0.138
1 0.02135 0.5685 0.02292 0.08889
