1 0.8578 0.9185 0.06094 0.162
1 0.5896 0.5741 0.02448 0.1176
1 0.3984 0.5204 0.03906 0.1093
1 0.6391 0.7222 0.04063 0.137
1 0.8255 0.4685 0.02031 0.1
1 0.7719 0.5444 0.03333 0.1009
1 0.662 0.3898 0.02031 0.08704
1 0.4901 0.3361 0.0224 0.0713
1 0.6937 0.4759 0.03229 0.0963
1 0.7432 0.3194 0.02396 0.07222
1 0.6266 0.2722 0.01771 0.05833
2 0.5932 0.3667 0.01927 0.07685
1 0.4385 0.3833 0.01823 0.08889
1 0.1818 0.462 0.02656 0.09444
2 0.1661 0.2472 0.01615 0.05556
0 0.1786 0.487 0.006771 0.01111
1 0.01146 0.3917 0.01667 0.08796
