1 0.8208 0.588 0.02344 0.08333
1 0.1729 0.4417 0.02656 0.06204
1 0.2906 0.5556 0.02604 0.07315
1 0.9953 0.575 0.007812 0.07685
1 0.6214 0.5944 0.02604 0.07037
1 0.8672 0.4546 0.01406 0.06389
1 0.5042 0.3815 0.009896 0.04815
1 0.849 0.35 0.01146 0.04259
2 0.9198 0.4565 0.01719 0.05926
1 0.8339 0.4333 0.01302 0.06019
1 0.5693 0.4639 0.01562 0.06296
2 0.5698 0.3028 0.009896 0.03426
0 0.1578 0.3241 0.005208 0.009259
1 0.4922 0.3713 0.009375 0.04537
1 0.4224 0.8648 0.03333 0.1343
1 0.174 0.5778 0.025 0.08796
3 0.1307 0.4157 0.02344 0.05556
