1 0.4307 0.7565 0.03125 0.1213
1 0.5776 0.6148 0.03229 0.08704
1 0.7193 0.438 0.02083 0.06759
1 0.5839 0.3694 0.01302 0.05741
1 0.4641 0.5935 0.02187 0.09907
1 0.09219 0.7898 0.03542 0.1278
1 0.3917 0.4889 0.01823 0.08241
1 0.03438 0.3787 0.01719 0.05741
1 0.7302 0.4769 0.01823 0.06759
1 0.5135 0.4 0.01406 0.06389
1 0.1677 0.3593 0.0125 0.04722
2 0.3651 0.4611 0.01823 0.07222
1 0.2995 0.4463 0.01979 0.07407
1 0.1521 0.5519 0.02917 0.08704
2 0.15 0.2648 0.009375 0.03333
0 0.7089 0.538 0.007812 0.01389
1 0.005208 0.4296 0.01042 0.06296
1 0.02396 0.762 0.03073 0.1157
1 0.5344 0.7685 0.03958 0.1185
1 0.7354 0.55 0.03073 0.08426
