1 0.9557 0.7694 0.03073 0.1139
1 0.7849 0.6083 0.025 0.08241
1 0.09271 0.4491 0.01719 0.06296
1 0.2599 0.5731 0.01875 0.06944
1 0.9354 0.5963 0.02135 0.09352
1 0.5641 0.6426 0.01979 0.0787
1 0.838 0.4611 0.0151 0.06667
1 0.4667 0.3796 0.01042 0.04722
1 0.8047 0.3546 0.01042 0.04352
2 0.8776 0.4648 0.01667 0.06481
1 0.7984 0.4417 0.01354 0.06204
1 0.5276 0.4778 0.0151 0.06944
2 0.5656 0.3 0.009896 0.03519
0 0.1917 0.2417 0.006771 0.009259
1 0.4516 0.375 0.01146 0.04907
1 0.4016 0.8648 0.03177 0.1241
1 0.1714 0.5898 0.0151 0.08519
3 0.0974 0.4037 0.01302 0.0537
