1 0.6703 0.5787 0.0224 0.1093
1 0.3354 0.5111 0.03021 0.09074
1 0.6198 0.7528 0.02969 0.1213
1 0.9042 0.4954 0.01667 0.1
1 0.7667 0.563 0.02552 0.09722
1 0.7547 0.4185 0.02969 0.0787
1 0.4953 0.3611 0.02083 0.06944
1 0.8823 0.4991 0.03073 0.09815
1 0.924 0.3454 0.02187 0.075
1 0.7307 0.2898 0.01354 0.05926
2 0.7151 0.3926 0.02187 0.0787
1 0.5344 0.3926 0.0224 0.08611
1 0.2458 0.4861 0.03438 0.09444
2 0.2437 0.2639 0.0125 0.05185
0 0.2214 0.5259 0.006771 0.01111
1 0.09844 0.3944 0.02083 0.08426
1 0.08177 0.9806 0.03229 0.03519
