1 0.9443 0.7694 0.03073 0.1148
1 0.7818 0.6093 0.02448 0.08241
1 0.0849 0.4491 0.01771 0.06481
1 0.2557 0.575 0.02083 0.0713
1 0.9281 0.5991 0.02083 0.09444
1 0.5557 0.65 0.02396 0.08333
1 0.8328 0.462 0.01458 0.06574
1 0.462 0.3787 0.01042 0.04815
1 0.7974 0.3537 0.01146 0.04259
2 0.8719 0.4648 0.01615 0.06481
1 0.7927 0.4407 0.01354 0.06389
1 0.5234 0.4769 0.0151 0.06759
2 0.563 0.2991 0.009375 0.03519
0 0.1969 0.2435 0.006771 0.009259
1 0.4464 0.3759 0.01198 0.05
1 0.399 0.8676 0.03229 0.1269
1 0.1719 0.5898 0.01719 0.08611
3 0.09375 0.4046 0.01302 0.05463
