1 0.6036 0.6778 0.03125 0.1139
1 0.4828 0.5769 0.02813 0.1037
1 0.06719 0.5546 0.03021 0.1102
1 0.4521 0.6417 0.025 0.1139
1 0.9375 0.4287 0.0224 0.08611
1 0.6276 0.3685 0.01615 0.06944
1 0.7641 0.5046 0.0276 0.09167
1 0.6953 0.5935 0.04271 0.05648
1 0.4823 0.4713 0.01875 0.07778
1 0.301 0.3676 0.01615 0.06667
1 0.9677 0.5065 0.02552 0.09537
1 0.6562 0.4611 0.02604 0.08519
1 0.07396 0.4926 0.02031 0.08056
2 0.5068 0.4676 0.02187 0.08611
1 0.2047 0.388 0.01771 0.06296
1 0.2604 0.537 0.02865 0.1037
2 0.2302 0.225 0.008854 0.04074
0 0.4719 0.6259 0.009896 0.01296
1 0.4786 0.5 0.02552 0.09259
1 0.1385 0.7111 0.03958 0.1259
1 0.007292 0.5861 0.0151 0.09907
1 0.7875 0.7389 0.03542 0.1167
1 0.9354 0.5583 0.02656 0.09907
