1 0.4339 0.7806 0.03594 0.1231
1 0.5547 0.65 0.03281 0.09444
1 0.008854 0.6315 0.01771 0.09444
1 0.7422 0.4213 0.02656 0.06759
1 0.6203 0.3602 0.0151 0.05463
1 0.4698 0.6037 0.02604 0.09444
1 0.06979 0.7898 0.03802 0.1167
1 0.4193 0.4667 0.02187 0.07963
1 0.0901 0.3565 0.0151 0.05278
1 0.7693 0.4481 0.01979 0.06574
1 0.5682 0.3741 0.01719 0.06111
1 0.2464 0.3315 0.01354 0.04352
2 0.4135 0.4435 0.01354 0.06574
1 0.3245 0.4287 0.01875 0.06944
1 0.1609 0.5278 0.02344 0.08426
2 0.1979 0.2509 0.00625 0.0287
0 0.6906 0.5602 0.006771 0.01111
1 0.03594 0.3981 0.01927 0.06389
1 0.06406 0.7231 0.03802 0.09722
1 0.5068 0.7463 0.03542 0.1065
1 0.7755 0.5306 0.02552 0.07593
