1 0.6953 0.6889 0.03073 0.1157
1 0.4698 0.5759 0.03177 0.06667
1 0.2396 0.7037 0.03177 0.1194
1 0.8255 0.4472 0.02135 0.08333
1 0.5333 0.3898 0.02135 0.06759
1 0.688 0.4944 0.025 0.08426
1 0.5104 0.5972 0.04948 0.04259
1 0.4276 0.513 0.02708 0.08426
1 0.1714 0.4 0.01458 0.06944
1 0.9109 0.5185 0.02292 0.09352
1 0.5115 0.4852 0.02396 0.09167
2 0.3943 0.4963 0.01979 0.08889
1 0.1016 0.4463 0.01406 0.07037
1 0.4219 0.6167 0.03594 0.1
2 0.1078 0.2444 0.009896 0.04074
0 0.3984 0.5648 0.00625 0.01204
1 0.3411 0.5148 0.0276 0.09167
1 0.2052 0.7398 0.03594 0.1204
1 0.8839 0.7269 0.03281 0.1176
1 0.9401 0.5352 0.02708 0.09444
