1 0.6948 0.7546 0.02344 0.09167
1 0.687 0.637 0.02292 0.09537
1 0.2089 0.588 0.02135 0.09537
1 0.9641 0.3907 0.01458 0.06111
1 0.7297 0.613 0.02187 0.09444
1 0.2906 0.7556 0.03021 0.1176
1 0.6984 0.4556 0.01615 0.07685
1 0.3688 0.3509 0.009375 0.05
1 0.8828 0.3898 0.01458 0.06019
1 0.613 0.3259 0.0125 0.04167
2 0.7333 0.4481 0.0151 0.07222
1 0.6427 0.4222 0.01458 0.06852
1 0.4089 0.4861 0.01979 0.08056
2 0.4818 0.2602 0.008854 0.03333
0 0.4073 0.6269 0.01458 0.01852
1 0.324 0.3639 0.01354 0.05463
1 0.3339 0.7148 0.02656 0.125
1 0.1245 0.588 0.02708 0.0963
3 0.009896 0.3722 0.01406 0.06019
1 0.7036 0.787 0.02969 0.1157
