1 0.4313 0.7796 0.0349 0.1259
1 0.5536 0.6463 0.03229 0.09352
1 0.01146 0.6287 0.02344 0.09537
1 0.7385 0.4231 0.02552 0.06852
1 0.6141 0.3593 0.01458 0.05648
1 0.4688 0.6037 0.02656 0.09537
1 0.07135 0.7907 0.03646 0.1222
1 0.413 0.4694 0.02344 0.07963
1 0.08229 0.3593 0.01875 0.05278
1 0.7641 0.45 0.01927 0.06481
1 0.5604 0.3759 0.01719 0.06019
1 0.2401 0.3343 0.01354 0.04352
2 0.4089 0.4444 0.01458 0.06667
1 0.3182 0.4306 0.02083 0.06944
1 0.1583 0.5306 0.01719 0.08056
2 0.1906 0.2528 0.007292 0.0287
0 0.6927 0.5676 0.007812 0.01389
1 0.02969 0.4019 0.02292 0.06481
1 0.05833 0.7269 0.03958 0.09722
1 0.5057 0.7481 0.04167 0.1074
1 0.7708 0.5333 0.02552 0.07685
