1 0.5536 0.6889 0.03802 0.1176
1 0.3891 0.5741 0.02813 0.1093
1 0.325 0.6676 0.03125 0.1259
1 0.8734 0.4148 0.01198 0.08889
1 0.5458 0.3593 0.01771 0.07407
1 0.6932 0.4926 0.02396 0.09444
1 0.6057 0.5972 0.04063 0.06019
1 0.388 0.4593 0.02083 0.06111
1 0.1802 0.362 0.01823 0.075
1 0.924 0.4963 0.02708 0.09815
1 0.5807 0.4648 0.03281 0.09444
2 0.4073 0.4639 0.0224 0.09167
1 0.06042 0.3935 0.01719 0.07407
1 0.1677 0.55 0.03125 0.1093
2 0.08802 0.1972 0.01042 0.04444
0 0.376 0.6278 0.007812 0.01296
1 0.3953 0.5046 0.02552 0.08426
1 0.01979 0.7491 0.03906 0.1389
1 0.7438 0.7343 0.04167 0.1204
1 0.8859 0.5398 0.03125 0.1037
