1 0.8859 0.5963 0.01667 0.08241
1 0.3198 0.4806 0.02865 0.06759
1 0.312 0.6083 0.02813 0.07685
1 0.7203 0.5787 0.02708 0.0787
1 0.7969 0.4676 0.0125 0.06574
1 0.5141 0.4241 0.01094 0.0537
1 0.8458 0.3694 0.01198 0.04074
2 0.9885 0.4815 0.01562 0.06574
1 0.8167 0.4537 0.01562 0.06481
1 0.6161 0.4852 0.02083 0.06667
2 0.5099 0.3389 0.01042 0.03333
0 0.113 0.4759 0.005208 0.007407
1 0.5036 0.4083 0.01042 0.05463
1 0.4427 0.8889 0.03385 0.1306
1 0.1583 0.5815 0.01927 0.08426
3 0.1005 0.4519 0.01667 0.05648
