1 0.5958 0.7204 0.03854 0.09907
1 0.4552 0.6083 0.03333 0.1037
1 0.1531 0.575 0.01979 0.06481
1 0.7245 0.412 0.02448 0.07685
1 0.5687 0.3463 0.01667 0.06667
1 0.5083 0.5685 0.03021 0.09259
1 0.351 0.5852 0.02552 0.09444
1 0.3646 0.4491 0.02083 0.08519
1 0.1635 0.3463 0.01406 0.06389
1 0.7609 0.4491 0.02187 0.07778
1 0.5042 0.3787 0.01771 0.0713
1 0.1255 0.3722 0.02135 0.06019
2 0.3583 0.4148 0.01927 0.06389
1 0.2891 0.4259 0.01615 0.0787
1 0.1656 0.6213 0.04219 0.09074
2 0.2281 0.2046 0.007812 0.03333
0 0.8047 0.6741 0.01094 0.01574
1 0.03021 0.4806 0.02917 0.08241
1 0.08646 0.6676 0.04844 0.1167
1 0.01823 0.5491 0.01979 0.09259
1 0.7703 0.6926 0.04792 0.1028
1 0.8484 0.5463 0.03333 0.09167
