1 0.5385 0.6704 0.02708 0.1102
1 0.612 0.5491 0.02083 0.07685
1 0.02865 0.488 0.02344 0.07963
1 0.2922 0.6019 0.02135 0.0713
1 0.8714 0.4519 0.02083 0.07685
1 0.7609 0.3806 0.01771 0.06019
1 0.625 0.5713 0.0276 0.08611
1 0.4208 0.6167 0.02083 0.09907
1 0.5328 0.4926 0.02187 0.08519
1 0.3036 0.3676 0.0125 0.05741
1 0.8995 0.4926 0.01771 0.08056
1 0.663 0.4157 0.01458 0.0713
1 0.3245 0.3722 0.01667 0.05185
2 0.513 0.4546 0.02135 0.07407
1 0.4547 0.4491 0.02396 0.07685
1 0.2828 0.5685 0.02813 0.08148
2 0.3859 0.2435 0.009375 0.03241
0 0.3047 0.4963 0.01042 0.01852
1 0.1953 0.4602 0.02187 0.075
1 0.2885 0.6231 0.02187 0.0787
1 0.2656 0.5528 0.01875 0.06574
1 0.7646 0.7019 0.02865 0.1065
1 0.9219 0.587 0.02656 0.09815
