1 0.5432 0.6759 0.02969 0.09907
1 0.5979 0.563 0.025 0.08148
1 0.0901 0.4833 0.01875 0.08333
1 0.3266 0.613 0.01875 0.07037
1 0.8802 0.4546 0.02396 0.07407
1 0.7708 0.3806 0.01302 0.06111
1 0.6198 0.5796 0.02552 0.08889
1 0.4552 0.6019 0.0224 0.09352
1 0.5443 0.4907 0.0224 0.08241
1 0.3328 0.362 0.01094 0.05741
1 0.9156 0.4889 0.0224 0.08148
1 0.6833 0.413 0.01875 0.07315
1 0.3318 0.3731 0.01198 0.05741
2 0.5281 0.45 0.01615 0.07593
1 0.4583 0.4435 0.01875 0.07685
1 0.3229 0.575 0.04479 0.08148
2 0.4057 0.238 0.009375 0.03426
0 0.4349 0.4269 0.01094 0.01667
1 0.1974 0.4685 0.02292 0.075
1 0.3073 0.6157 0.02344 0.07685
1 0.2542 0.5565 0.025 0.08796
1 0.7536 0.6944 0.02917 0.08426
1 0.938 0.587 0.0224 0.09352
