1 0.5927 0.7204 0.03958 0.09907
1 0.4578 0.6074 0.03333 0.1037
1 0.1594 0.5787 0.01979 0.07407
1 0.7302 0.412 0.025 0.07685
1 0.575 0.3472 0.01667 0.06574
1 0.5115 0.5694 0.03073 0.09259
1 0.3557 0.5833 0.02604 0.09352
1 0.3708 0.4491 0.02031 0.08519
1 0.1698 0.3463 0.01562 0.06204
1 0.7651 0.45 0.02344 0.07778
1 0.5104 0.3787 0.01771 0.0713
1 0.1318 0.3713 0.01979 0.06019
2 0.363 0.4157 0.02031 0.06667
1 0.2943 0.4259 0.01667 0.0787
1 0.1729 0.6213 0.04167 0.08704
2 0.2339 0.2037 0.007292 0.03426
0 0.801 0.6843 0.01094 0.01574
1 0.03542 0.4796 0.03073 0.08148
1 0.09479 0.663 0.04688 0.1167
1 0.02344 0.5481 0.02292 0.09167
1 0.7688 0.6926 0.04583 0.1028
1 0.8521 0.5454 0.03229 0.08981
