1 0.5271 0.687 0.02656 0.1037
1 0.6339 0.5593 0.02083 0.07593
1 0.2177 0.6259 0.02292 0.09444
1 0.849 0.4565 0.01771 0.07315
1 0.726 0.387 0.01823 0.05833
1 0.626 0.5759 0.02604 0.08426
1 0.3547 0.6685 0.02292 0.1102
1 0.5109 0.5037 0.02865 0.07963
1 0.237 0.3769 0.01354 0.05833
1 0.8615 0.5009 0.01667 0.07963
1 0.6224 0.4259 0.01979 0.07037
1 0.2875 0.3759 0.01562 0.04167
2 0.4786 0.4667 0.02187 0.07407
1 0.4349 0.4583 0.02292 0.075
1 0.2896 0.5907 0.02969 0.08796
2 0.3349 0.2583 0.009375 0.03241
0 0.399 0.2722 0.009375 0.01389
1 0.1714 0.4574 0.02135 0.06759
1 0.2536 0.6574 0.025 0.09352
1 0.1698 0.6204 0.03646 0.09352
1 0.7458 0.738 0.0375 0.1111
1 0.9005 0.5926 0.02917 0.09167
