1 0.8609 0.5935 0.02031 0.07963
1 0.2599 0.463 0.02396 0.06019
1 0.2964 0.5806 0.02083 0.07685
1 0.6682 0.5796 0.01771 0.06481
1 0.8411 0.4667 0.01302 0.06667
1 0.5224 0.4083 0.01146 0.05
1 0.8583 0.3676 0.009896 0.03889
2 0.9557 0.4722 0.02031 0.06111
1 0.8344 0.4491 0.0151 0.05648
1 0.6062 0.4796 0.02083 0.06574
2 0.5406 0.3306 0.009896 0.03241
0 0.1276 0.4685 0.004687 0.006481
1 0.5099 0.3935 0.01302 0.04444
1 0.4344 0.8704 0.03438 0.1231
1 0.1688 0.5852 0.0224 0.08796
3 0.1349 0.4417 0.02396 0.05
