1 0.499 0.887 0.06302 0.1426
1 0.4901 0.5889 0.02031 0.113
1 0.5047 0.5806 0.03802 0.1093
1 0.6589 0.7019 0.03229 0.1296
1 0.9901 0.4102 0.01562 0.09352
1 0.8896 0.3352 0.01667 0.075
1 0.8031 0.4741 0.03333 0.08148
1 0.7349 0.5463 0.025 0.09444
1 0.5542 0.3907 0.01979 0.08056
1 0.5094 0.3407 0.02135 0.06296
1 0.512 0.4778 0.03073 0.08426
1 0.5141 0.3176 0.02604 0.04167
1 0.4932 0.2824 0.01198 0.05556
2 0.4615 0.362 0.02344 0.07315
1 0.3385 0.4019 0.01823 0.08704
1 0.1344 0.4694 0.01458 0.1009
2 0.1057 0.263 0.01406 0.0537
0 0.4854 0.5074 0.01198 0.01019
