1 0.6568 0.7694 0.03438 0.1065
1 0.6724 0.6472 0.03125 0.09537
1 0.2047 0.5944 0.02135 0.09167
1 0.9437 0.387 0.01354 0.06111
1 0.701 0.6194 0.03021 0.09259
1 0.2578 0.7704 0.0401 0.1139
1 0.6823 0.4574 0.01615 0.07685
1 0.3599 0.35 0.008854 0.05
1 0.8625 0.3889 0.01719 0.05833
1 0.5901 0.3259 0.01146 0.04167
2 0.7156 0.4481 0.01562 0.06759
1 0.6229 0.4222 0.01354 0.07315
1 0.3927 0.4926 0.02083 0.08056
2 0.4708 0.2583 0.008333 0.03333
0 0.4901 0.5917 0.01458 0.01389
1 0.3104 0.3639 0.01198 0.05463
1 0.3255 0.712 0.02031 0.125
1 0.1135 0.5907 0.0276 0.09537
3 0.003125 0.3704 0.005729 0.06019
1 0.6781 0.7861 0.03646 0.113
