1 0.5651 0.6898 0.04115 0.1194
1 0.4078 0.5741 0.02969 0.1111
1 0.3547 0.6648 0.03385 0.125
1 0.8922 0.4157 0.02187 0.09074
1 0.5635 0.3574 0.01719 0.07315
1 0.713 0.4944 0.025 0.09352
1 0.6276 0.5991 0.04479 0.05833
1 0.4073 0.4491 0.02031 0.04907
1 0.201 0.3611 0.01979 0.07407
1 0.9411 0.4972 0.03021 0.09722
1 0.5995 0.463 0.03125 0.09167
2 0.4307 0.4648 0.02396 0.09352
1 0.0849 0.3907 0.01771 0.07222
1 0.1781 0.5463 0.03073 0.1083
2 0.1109 0.1972 0.009375 0.04259
0 0.3995 0.6315 0.009375 0.01296
1 0.4135 0.5037 0.03021 0.09722
1 0.02865 0.7444 0.03438 0.1426
1 0.7547 0.7398 0.03385 0.1194
1 0.9016 0.5435 0.02917 0.1019
