1 0.6646 0.6852 0.02396 0.1139
1 0.4505 0.5731 0.02813 0.05833
1 0.201 0.7157 0.03281 0.1213
1 0.787 0.4426 0.02135 0.08148
1 0.4974 0.388 0.02083 0.06667
1 0.6526 0.4917 0.02135 0.08426
1 0.4708 0.5917 0.0474 0.03981
1 0.4104 0.5019 0.03177 0.07315
1 0.1281 0.4028 0.01615 0.06944
1 0.8656 0.513 0.02292 0.09167
1 0.4672 0.4833 0.02917 0.08889
2 0.3563 0.4972 0.01719 0.08889
1 0.06094 0.4537 0.01406 0.07315
1 0.4276 0.6241 0.03958 0.1046
2 0.06979 0.2463 0.01198 0.03889
0 0.3932 0.5759 0.006771 0.01296
1 0.2823 0.5194 0.0375 0.08148
1 0.1719 0.7472 0.03385 0.1231
1 0.8557 0.7315 0.02969 0.1231
1 0.9135 0.5296 0.03281 0.09259
