1 0.5594 0.6889 0.03958 0.1185
1 0.399 0.5741 0.02865 0.1102
1 0.3411 0.6657 0.03281 0.125
1 0.8828 0.4148 0.01719 0.08981
1 0.5552 0.3583 0.01771 0.07407
1 0.7036 0.4935 0.02448 0.09444
1 0.6172 0.5981 0.04271 0.05926
1 0.3984 0.4546 0.02031 0.05463
1 0.1932 0.3611 0.01927 0.075
1 0.9333 0.4963 0.02917 0.09722
1 0.5906 0.463 0.03229 0.09259
2 0.4193 0.4639 0.02344 0.09259
1 0.07292 0.3926 0.01719 0.07315
1 0.1734 0.5472 0.03125 0.1083
2 0.1026 0.1981 0.009375 0.04352
0 0.3906 0.6306 0.008854 0.01296
1 0.4047 0.5037 0.0276 0.09074
1 0.02187 0.7454 0.03594 0.1417
1 0.75 0.738 0.0375 0.1204
1 0.8943 0.5417 0.03021 0.1019
