1 0.5286 0.8843 0.0599 0.15
1 0.4938 0.5824 0.02135 0.1157
1 0.4875 0.5704 0.03177 0.1009
1 0.6547 0.6981 0.02813 0.1333
1 0.9927 0.4074 0.01302 0.09352
1 0.8917 0.3324 0.01458 0.075
1 0.7969 0.4657 0.0224 0.09352
1 0.7354 0.5546 0.03177 0.07593
1 0.5557 0.387 0.01562 0.08241
1 0.5042 0.338 0.02552 0.05926
1 0.5151 0.475 0.02917 0.08796
1 0.5307 0.3167 0.02344 0.05278
1 0.4953 0.2833 0.0151 0.05093
2 0.4698 0.3583 0.01823 0.075
1 0.3432 0.3963 0.01719 0.08704
1 0.1349 0.4667 0.01458 0.1009
2 0.1057 0.2593 0.01406 0.05463
0 0.4047 0.4991 0.01198 0.01019
