1 0.8849 0.5963 0.01667 0.08241
1 0.3167 0.4796 0.02917 0.06667
1 0.3109 0.6065 0.02656 0.07778
1 0.7177 0.5778 0.02708 0.0787
1 0.7984 0.4667 0.01302 0.06667
1 0.5146 0.4231 0.01146 0.0537
1 0.8453 0.3704 0.0125 0.03981
2 0.9875 0.4815 0.01615 0.06574
1 0.8172 0.4537 0.0151 0.06481
1 0.6156 0.4843 0.02031 0.06667
2 0.5104 0.3389 0.01042 0.03333
0 0.112 0.475 0.005208 0.007407
1 0.5036 0.4083 0.01042 0.05463
1 0.4432 0.8889 0.03542 0.1296
1 0.1583 0.5815 0.01927 0.08426
3 0.1026 0.4509 0.01667 0.05556
