1 0.6953 0.5694 0.02031 0.1009
1 0.3 0.5167 0.03125 0.08796
1 0.5667 0.7602 0.0349 0.1287
1 0.9146 0.5028 0.01771 0.09444
1 0.7219 0.5667 0.02865 0.09815
1 0.737 0.4306 0.03073 0.07778
1 0.4781 0.3787 0.01979 0.06574
1 0.9719 0.5102 0.03177 0.09259
1 0.9854 0.3694 0.0224 0.07222
1 0.7406 0.3102 0.0151 0.05278
2 0.7677 0.4102 0.01875 0.07778
1 0.5687 0.4019 0.01771 0.0787
1 0.2693 0.4861 0.01979 0.09074
2 0.2807 0.2796 0.0125 0.04722
0 0.2531 0.5176 0.006771 0.01111
1 0.1536 0.3963 0.02292 0.07407
1 0.2245 0.9611 0.03125 0.07685
