1 0.5396 0.7204 0.04271 0.09537
1 0.5109 0.5944 0.03125 0.08519
1 0.06823 0.4972 0.01979 0.08981
1 0.275 0.5991 0.02448 0.09722
1 0.8281 0.4417 0.02135 0.07963
1 0.6917 0.3722 0.01667 0.06389
1 0.5667 0.588 0.02656 0.09444
1 0.4313 0.5954 0.0224 0.0963
1 0.4818 0.4769 0.02031 0.08519
1 0.2755 0.3593 0.01302 0.06019
1 0.8635 0.4778 0.0224 0.08148
1 0.6229 0.4019 0.01875 0.0713
1 0.2427 0.3806 0.01615 0.06019
2 0.4604 0.438 0.01667 0.07778
1 0.3943 0.4398 0.02448 0.075
1 0.2818 0.6463 0.04427 0.05093
2 0.3391 0.2241 0.006771 0.03426
0 0.6719 0.5269 0.01094 0.01574
1 0.1214 0.4796 0.02344 0.08241
1 0.2198 0.6352 0.0349 0.0963
1 0.1328 0.5463 0.02396 0.08704
1 0.7453 0.7074 0.04063 0.08889
1 0.9068 0.5741 0.03385 0.1
