1 0.687 0.5741 0.02187 0.1083
1 0.3208 0.5157 0.03594 0.08611
1 0.5974 0.7519 0.03854 0.1259
1 0.9172 0.4954 0.01979 0.09815
1 0.7505 0.5639 0.03438 0.1
1 0.7562 0.4259 0.02448 0.0787
1 0.4917 0.3685 0.01875 0.0713
1 0.9333 0.5046 0.03385 0.09907
1 0.962 0.3593 0.02344 0.07407
1 0.7453 0.3037 0.01458 0.0537
2 0.7469 0.3991 0.02292 0.0787
1 0.5568 0.3991 0.01771 0.08241
1 0.2568 0.4907 0.0224 0.08796
2 0.2677 0.2722 0.01562 0.05
0 0.2411 0.5259 0.006771 0.01111
1 0.1297 0.3963 0.02083 0.07963
1 0.149 0.9704 0.03542 0.05833
