1 0.6583 0.688 0.03906 0.1185
1 0.4417 0.5491 0.03073 0.09352
1 0.2885 0.687 0.03177 0.125
1 0.875 0.4333 0.01927 0.08889
1 0.5656 0.3778 0.02292 0.07315
1 0.7109 0.4907 0.03125 0.09259
1 0.5875 0.5972 0.03854 0.05093
1 0.4234 0.5037 0.02031 0.09722
1 0.2052 0.3778 0.01875 0.07222
1 0.9677 0.5139 0.02969 0.0963
1 0.5802 0.4796 0.01667 0.09444
2 0.4255 0.4546 0.02135 0.05278
1 0.1125 0.4185 0.01615 0.075
1 0.288 0.5685 0.0375 0.1046
2 0.1182 0.2176 0.008854 0.04167
0 0.4016 0.5907 0.007292 0.01204
1 0.4422 0.5352 0.02656 0.0963
1 0.1385 0.7352 0.03958 0.1306
1 0.8359 0.7037 0.03594 0.1111
1 0.9333 0.5306 0.03229 0.0963
