1 0.5828 0.7204 0.04219 0.09907
1 0.4651 0.6046 0.03385 0.1037
1 0.004687 0.5028 0.009375 0.0963
1 0.1776 0.588 0.01979 0.1009
1 0.7474 0.413 0.02656 0.07778
1 0.5943 0.3463 0.01667 0.06481
1 0.5188 0.5694 0.03229 0.09259
1 0.3693 0.5796 0.02813 0.08981
1 0.388 0.4472 0.01875 0.08611
1 0.188 0.3454 0.01979 0.06019
1 0.7786 0.4519 0.02708 0.07778
1 0.5276 0.3787 0.01875 0.0713
1 0.151 0.3676 0.01615 0.06019
2 0.3755 0.4167 0.02292 0.07222
1 0.3109 0.4241 0.01875 0.0787
1 0.1932 0.6222 0.03958 0.07778
2 0.251 0.2009 0.006771 0.03426
0 0.7917 0.7139 0.01094 0.01574
1 0.04896 0.4778 0.0349 0.07963
1 0.1177 0.65 0.04271 0.1167
1 0.03854 0.5454 0.03229 0.09167
1 0.7646 0.6926 0.03958 0.1028
1 0.863 0.5481 0.02917 0.08704
