1 0.601 0.688 0.04167 0.1231
1 0.4036 0.5593 0.025 0.09537
1 0.3031 0.6787 0.02813 0.1269
1 0.8688 0.4204 0.025 0.09259
1 0.55 0.3667 0.01771 0.07407
1 0.6964 0.4889 0.0224 0.09444
1 0.5922 0.5972 0.03854 0.05463
1 0.3979 0.4907 0.01927 0.1
1 0.1833 0.3694 0.01823 0.075
1 0.9458 0.5009 0.03073 0.1
1 0.576 0.4713 0.025 0.1
2 0.4115 0.4639 0.02344 0.08519
1 0.07656 0.4037 0.01615 0.075
1 0.2167 0.5565 0.03594 0.1139
2 0.09323 0.2065 0.01146 0.04444
0 0.3812 0.612 0.007812 0.01296
1 0.4161 0.5287 0.02969 0.09815
1 0.06406 0.7491 0.03594 0.1352
1 0.7844 0.712 0.04167 0.113
1 0.9021 0.5343 0.02865 0.1009
