1 0.6224 0.6898 0.02865 0.1176
1 0.4406 0.5759 0.0349 0.08889
1 0.1219 0.7324 0.03281 0.1176
1 0.7307 0.4389 0.02031 0.07778
1 0.4297 0.3824 0.01979 0.06759
1 0.5979 0.4907 0.01927 0.08519
1 0.4297 0.6019 0.04323 0.04537
1 0.35 0.488 0.02865 0.07593
1 0.04167 0.4093 0.02187 0.07315
1 0.8042 0.5046 0.02083 0.08889
1 0.4036 0.4824 0.02448 0.0787
2 0.2932 0.5028 0.02031 0.08796
1 0.4286 0.6407 0.04167 0.1009
0 0.4068 0.5981 0.006771 0.01296
1 0.2109 0.5185 0.01927 0.08426
1 0.1036 0.7741 0.03646 0.1306
1 0.8297 0.7324 0.02917 0.125
1 0.8766 0.5259 0.02448 0.09074
3 0.9885 0.3315 0.0224 0.06296
