1 0.7146 0.6907 0.02917 0.1139
1 0.4896 0.5537 0.03542 0.08519
1 0.007292 0.6148 0.01406 0.1213
1 0.2781 0.6898 0.02344 0.1231
1 0.8693 0.4463 0.02344 0.08704
1 0.5693 0.387 0.01042 0.0713
1 0.7219 0.4917 0.01406 0.08611
1 0.5641 0.5935 0.04063 0.0463
1 0.4365 0.5194 0.02813 0.09074
1 0.2115 0.3926 0.01562 0.07037
1 0.963 0.5213 0.01823 0.09167
1 0.5599 0.4889 0.01771 0.09074
2 0.4292 0.4824 0.02083 0.07222
1 0.1375 0.4352 0.01198 0.0713
1 0.3953 0.5981 0.02969 0.1019
2 0.1422 0.237 0.01094 0.03981
0 0.425 0.5593 0.005729 0.01111
1 0.4094 0.5204 0.03802 0.08704
1 0.2161 0.7278 0.03177 0.1231
1 0.008333 0.5676 0.01615 0.1065
1 0.8979 0.7194 0.03021 0.1213
1 0.9651 0.5361 0.03073 0.08796
