1 0.5036 0.7815 0.04948 0.1194
1 0.5802 0.6741 0.04271 0.09815
1 0.1125 0.6019 0.02813 0.0963
1 0.8714 0.4241 0.0276 0.06574
1 0.763 0.3583 0.02135 0.05556
1 0.5458 0.6167 0.03594 0.08426
1 0.1349 0.7759 0.05365 0.112
1 0.5354 0.4519 0.02292 0.075
1 0.2349 0.337 0.01198 0.05093
1 0.8979 0.4481 0.02708 0.06667
1 0.7057 0.3648 0.02031 0.05185
1 0.4104 0.3111 0.01615 0.04074
2 0.5568 0.4306 0.01823 0.06574
1 0.4542 0.4083 0.02448 0.06759
1 0.2635 0.4972 0.02448 0.08241
2 0.338 0.237 0.007812 0.0287
0 0.6781 0.6463 0.008854 0.01389
1 0.1682 0.3676 0.01927 0.05648
1 0.2151 0.6898 0.02344 0.1019
1 0.5609 0.7546 0.04271 0.1
1 0.9307 0.5148 0.03125 0.06574
