1 0.437 0.75 0.03229 0.1167
1 0.588 0.6093 0.03438 0.08241
1 0.7271 0.4407 0.01875 0.06759
1 0.5865 0.3713 0.008854 0.05741
1 0.4714 0.5889 0.02083 0.0963
1 0.1042 0.788 0.03385 0.1269
1 0.3937 0.4926 0.01615 0.08241
1 0.03333 0.3806 0.01615 0.05741
1 0.7307 0.4852 0.01875 0.07037
1 0.5115 0.4046 0.01458 0.06481
1 0.1599 0.362 0.01302 0.04722
2 0.363 0.4639 0.01823 0.07407
1 0.3031 0.4491 0.01667 0.075
1 0.1578 0.5546 0.03281 0.08704
2 0.1495 0.2657 0.008333 0.03333
0 0.6896 0.4917 0.01042 0.01759
1 0.00625 0.4324 0.0125 0.06389
1 0.02656 0.7639 0.03125 0.1185
1 0.549 0.7731 0.03594 0.1204
1 0.7339 0.5519 0.03542 0.08611
