1 0.6125 0.65 0.02604 0.09907
1 0.5391 0.5593 0.02187 0.08426
1 0.1938 0.5222 0.02344 0.08889
1 0.5302 0.6139 0.02708 0.09907
1 0.9276 0.4361 0.02448 0.07593
1 0.6599 0.3759 0.01562 0.06019
1 0.7802 0.5028 0.01406 0.08519
1 0.7245 0.5769 0.02969 0.0537
1 0.5333 0.463 0.01302 0.07778
1 0.3849 0.3731 0.0151 0.05926
1 0.9422 0.5046 0.01875 0.08148
1 0.6859 0.4574 0.02344 0.07593
1 0.1859 0.4694 0.01615 0.08241
2 0.5589 0.4676 0.02083 0.07222
1 0.2943 0.3898 0.01458 0.05833
1 0.3312 0.5204 0.02552 0.08426
2 0.3193 0.2491 0.008333 0.03611
0 0.5911 0.6102 0.009896 0.01296
1 0.5229 0.4778 0.02292 0.07685
1 0.238 0.6519 0.02135 0.1083
1 0.1141 0.5537 0.0224 0.09167
1 0.7786 0.7185 0.02865 0.1065
1 0.9156 0.5528 0.03281 0.08889
