1 0.6667 0.6889 0.03698 0.1185
1 0.4443 0.5463 0.03021 0.09444
1 0.2885 0.6852 0.02865 0.1231
1 0.8766 0.4352 0.01719 0.08796
1 0.5667 0.3778 0.02187 0.07407
1 0.7135 0.4907 0.03073 0.09259
1 0.5865 0.5972 0.03906 0.05093
1 0.4266 0.5046 0.01927 0.1009
1 0.2078 0.3778 0.01823 0.0713
1 0.9719 0.5148 0.03125 0.0963
1 0.5792 0.4796 0.01667 0.09352
2 0.4281 0.4565 0.02135 0.05278
1 0.1167 0.4222 0.01615 0.075
1 0.299 0.5722 0.0349 0.1019
2 0.1219 0.2194 0.007812 0.04167
0 0.4047 0.587 0.007292 0.01111
1 0.4427 0.5352 0.02448 0.0963
1 0.149 0.7333 0.03958 0.1287
1 0.8464 0.7046 0.0375 0.1148
1 0.9385 0.5306 0.03125 0.09352
