1 0.8161 0.5898 0.02344 0.08426
1 0.1589 0.4398 0.02396 0.06204
1 0.2833 0.5556 0.02396 0.06667
1 0.988 0.5769 0.01562 0.07963
1 0.613 0.5991 0.01979 0.07222
1 0.8641 0.4537 0.01302 0.06481
1 0.4979 0.3796 0.01094 0.05
1 0.8432 0.3491 0.01198 0.04167
2 0.9151 0.4574 0.01719 0.06111
1 0.8297 0.4333 0.01354 0.06111
1 0.5615 0.4648 0.01458 0.06019
2 0.5698 0.3019 0.008333 0.03333
0 0.162 0.3028 0.005208 0.009259
1 0.4865 0.3713 0.01042 0.04722
1 0.4182 0.8602 0.03125 0.1343
1 0.1714 0.5778 0.02396 0.08796
3 0.1255 0.412 0.01875 0.05926
