1 0.8812 0.5889 0.02448 0.08241
1 0.3448 0.4806 0.02187 0.06574
1 0.3427 0.637 0.0224 0.08889
1 0.7422 0.5778 0.0276 0.0713
1 0.7427 0.4593 0.01771 0.06481
1 0.4833 0.4269 0.01719 0.05648
1 0.8187 0.3639 0.01146 0.04259
2 0.988 0.4778 0.02292 0.06481
1 0.776 0.45 0.01615 0.06481
1 0.5781 0.4806 0.01875 0.06574
2 0.475 0.337 0.0125 0.03611
0 0.1333 0.4806 0.005208 0.007407
1 0.462 0.4176 0.01354 0.05556
1 0.438 0.9093 0.02865 0.1352
1 0.1052 0.5713 0.01927 0.08519
3 0.02135 0.4528 0.01823 0.06389
