1 0.5078 0.7037 0.02708 0.1009
1 0.6365 0.5722 0.02969 0.0713
1 0.1208 0.637 0.02656 0.09537
1 0.8224 0.4593 0.01875 0.06481
1 0.6786 0.3852 0.0151 0.05741
1 0.5807 0.5731 0.0224 0.08519
1 0.2833 0.7222 0.02396 0.1139
1 0.4807 0.5074 0.03281 0.075
1 0.1526 0.3824 0.0125 0.05648
1 0.8161 0.5028 0.02031 0.07963
1 0.5823 0.4296 0.01719 0.07037
1 0.2276 0.375 0.01354 0.05185
2 0.4365 0.4731 0.01979 0.07315
1 0.4042 0.4657 0.025 0.07037
1 0.2807 0.575 0.03281 0.07037
2 0.2646 0.2657 0.01042 0.03333
0 0.4911 0.2111 0.008854 0.01296
1 0.1255 0.4537 0.02344 0.06111
1 0.2057 0.7037 0.05052 0.09352
1 0.04375 0.6296 0.02917 0.09907
1 0.7021 0.7704 0.03073 0.1176
1 0.8693 0.5889 0.03281 0.08056
