1 0.8922 0.5954 0.02604 0.08426
1 0.3438 0.4815 0.02448 0.06667
1 0.3333 0.6241 0.02865 0.08333
1 0.7391 0.5787 0.01875 0.07407
1 0.7724 0.463 0.0151 0.06759
1 0.5031 0.4269 0.01667 0.05556
1 0.8354 0.3685 0.01198 0.04167
2 0.9943 0.4815 0.01042 0.06667
1 0.7979 0.4528 0.01771 0.06481
1 0.6052 0.4843 0.01771 0.06296
2 0.4979 0.3398 0.008854 0.03611
0 0.1276 0.4796 0.005208 0.007407
1 0.4901 0.4139 0.01302 0.05278
1 0.4437 0.9028 0.03698 0.1333
1 0.1391 0.5741 0.02396 0.08333
3 0.06615 0.4546 0.01875 0.05926
