1 0.5307 0.7102 0.04063 0.09074
1 0.5359 0.5889 0.03125 0.08796
1 0.08698 0.4954 0.02552 0.08889
1 0.3031 0.6037 0.02187 0.09074
1 0.8516 0.4509 0.02344 0.07778
1 0.7266 0.3796 0.01562 0.06481
1 0.5854 0.5917 0.02604 0.09444
1 0.4469 0.5963 0.0224 0.09259
1 0.5083 0.4852 0.0224 0.08519
1 0.3042 0.3639 0.01302 0.06019
1 0.888 0.4861 0.02708 0.08148
1 0.6531 0.4093 0.01719 0.07222
1 0.2792 0.3815 0.01458 0.05833
2 0.4891 0.4454 0.01667 0.07778
1 0.4203 0.4454 0.02187 0.07685
1 0.3083 0.6278 0.03229 0.05833
2 0.3703 0.2315 0.006771 0.03426
0 0.6047 0.4472 0.01094 0.01574
1 0.1521 0.4815 0.0224 0.08426
1 0.2531 0.6269 0.0276 0.08889
1 0.176 0.5472 0.02396 0.08889
1 0.7443 0.7056 0.03854 0.08333
1 0.9177 0.5824 0.03385 0.08889
