1 0.6776 0.762 0.02813 0.09907
1 0.6807 0.6417 0.02656 0.09537
1 0.2073 0.5898 0.02135 0.09352
1 0.9552 0.3889 0.01406 0.06111
1 0.7167 0.6148 0.02552 0.09352
1 0.2766 0.7611 0.0349 0.1157
1 0.6911 0.4565 0.01615 0.07685
1 0.3651 0.35 0.009375 0.05
1 0.874 0.3889 0.01562 0.05926
1 0.6031 0.3259 0.01198 0.04167
2 0.7255 0.4481 0.01562 0.07037
1 0.6344 0.4222 0.01406 0.07037
1 0.4021 0.4889 0.02031 0.08056
2 0.4766 0.2593 0.008854 0.03333
0 0.4448 0.6111 0.01458 0.01667
1 0.3177 0.3639 0.01302 0.05463
1 0.3302 0.7139 0.02396 0.125
1 0.1198 0.5889 0.02708 0.09537
3 0.005729 0.3704 0.01146 0.06019
1 0.6927 0.787 0.03281 0.1148
