1 0.6078 0.6963 0.03229 0.1167
1 0.4344 0.588 0.03698 0.09259
1 0.08542 0.7481 0.03333 0.1167
1 0.7115 0.4398 0.02292 0.07685
1 0.4052 0.3833 0.01771 0.06852
1 0.5771 0.4926 0.01875 0.08519
1 0.4172 0.6065 0.04271 0.06759
1 0.3146 0.488 0.02865 0.08426
1 0.7833 0.5037 0.01927 0.08889
1 0.3771 0.4824 0.02292 0.0787
2 0.2687 0.5065 0.02135 0.08796
1 0.4193 0.65 0.04583 0.1065
1 0.1885 0.5204 0.01875 0.08519
1 0.07187 0.7898 0.0375 0.1315
1 0.8255 0.7361 0.03438 0.1241
1 0.8661 0.5269 0.03021 0.09259
3 0.9672 0.3306 0.01771 0.06296
