1 0.4271 0.7593 0.03125 0.1241
1 0.5698 0.6194 0.03021 0.09074
1 0.7182 0.437 0.01771 0.06852
1 0.5844 0.3685 0.01406 0.05741
1 0.462 0.5963 0.02396 0.1
1 0.08438 0.7889 0.03698 0.1278
1 0.3917 0.487 0.02187 0.08148
1 0.03698 0.3787 0.01719 0.05741
1 0.7307 0.4722 0.01771 0.06667
1 0.5156 0.3981 0.01302 0.06296
1 0.1745 0.3565 0.01198 0.04722
2 0.3661 0.4593 0.01719 0.07222
1 0.299 0.4444 0.0224 0.07315
1 0.1505 0.5491 0.02604 0.08704
2 0.1516 0.2648 0.01146 0.03333
0 0.7078 0.5472 0.007292 0.01204
1 0.005208 0.4269 0.01042 0.06296
1 0.02344 0.7611 0.03229 0.1111
1 0.5266 0.7648 0.04063 0.1157
1 0.738 0.5481 0.02656 0.08333
