1 0.9234 0.9148 0.06406 0.1676
1 0.6052 0.5741 0.02448 0.1167
1 0.3771 0.5148 0.03073 0.1074
1 0.6318 0.7278 0.04896 0.1352
1 0.8385 0.4713 0.01979 0.09815
1 0.7698 0.5463 0.03073 0.1019
1 0.6854 0.3917 0.02396 0.08704
1 0.4844 0.3398 0.01823 0.06944
1 0.7422 0.4778 0.02448 0.09815
1 0.7844 0.3213 0.02552 0.07685
1 0.6516 0.2694 0.01354 0.06019
2 0.6182 0.3694 0.02083 0.07963
1 0.4578 0.3824 0.01771 0.08796
1 0.1943 0.463 0.02396 0.09352
2 0.1786 0.2481 0.0151 0.05556
0 0.188 0.4963 0.006771 0.01111
1 0.02656 0.3889 0.02187 0.08889
