1 0.4536 0.7417 0.03698 0.1093
1 0.6057 0.6009 0.03229 0.07593
1 0.7464 0.4491 0.01771 0.07037
1 0.5969 0.3731 0.01302 0.05648
1 0.4911 0.5843 0.02292 0.08519
1 0.1339 0.7815 0.03802 0.1231
1 0.4073 0.5028 0.02187 0.07593
1 0.03854 0.3861 0.01302 0.05741
1 0.738 0.4935 0.01979 0.07407
1 0.5146 0.4139 0.01458 0.06574
1 0.1516 0.3676 0.01354 0.05
2 0.3646 0.4685 0.01458 0.07593
1 0.3187 0.4556 0.01615 0.07315
1 0.1812 0.5556 0.03594 0.08704
2 0.1562 0.2667 0.01042 0.03333
0 0.6323 0.3889 0.009896 0.01667
1 0.0151 0.438 0.02396 0.06667
1 0.04792 0.7639 0.04115 0.1093
1 0.5859 0.7824 0.0276 0.1194
1 0.7547 0.5593 0.02448 0.08704
