1 0.5422 0.7204 0.04115 0.09537
1 0.5073 0.5944 0.03021 0.08519
1 0.0651 0.4972 0.02031 0.09074
1 0.2698 0.5972 0.02552 0.09815
1 0.824 0.4398 0.02135 0.07963
1 0.687 0.3713 0.01667 0.06481
1 0.5625 0.587 0.0276 0.09537
1 0.4281 0.5935 0.0224 0.09722
1 0.4771 0.4741 0.02031 0.08519
1 0.2714 0.3574 0.01302 0.06019
1 0.8589 0.4759 0.0224 0.08148
1 0.6177 0.4 0.01875 0.0713
1 0.2375 0.3787 0.01667 0.06019
2 0.4557 0.4361 0.01667 0.07778
1 0.3901 0.438 0.02448 0.075
1 0.2786 0.6444 0.04531 0.04907
2 0.3344 0.2222 0.006771 0.03426
0 0.6807 0.5398 0.01094 0.01574
1 0.1177 0.4796 0.025 0.08056
1 0.2146 0.6343 0.03802 0.09722
1 0.1281 0.5435 0.02292 0.08889
1 0.7464 0.7065 0.0401 0.08981
1 0.9042 0.5722 0.03385 0.1
