1 0.8036 0.5954 0.02292 0.08056
1 0.1313 0.4398 0.02031 0.06019
1 0.2698 0.5611 0.025 0.06296
1 0.9703 0.5852 0.02187 0.08611
1 0.5969 0.6139 0.02448 0.07685
1 0.8562 0.4546 0.01406 0.06481
1 0.4859 0.3778 0.01146 0.05185
1 0.8302 0.3519 0.01146 0.03981
2 0.9031 0.4602 0.01615 0.06481
1 0.8203 0.4352 0.01406 0.06111
1 0.5474 0.4704 0.01458 0.06204
2 0.5677 0.3009 0.008854 0.03241
0 0.1714 0.2676 0.005208 0.009259
1 0.474 0.3704 0.01146 0.04907
1 0.4089 0.862 0.03229 0.1213
1 0.1693 0.5815 0.02292 0.08889
3 0.1135 0.4093 0.01354 0.06019
