1 0.8406 0.5815 0.02448 0.0787
1 0.3214 0.4815 0.02187 0.06667
1 0.3453 0.6574 0.03385 0.08704
1 0.9729 0.5324 0.01927 0.06944
1 0.7245 0.5741 0.03177 0.07593
1 0.6958 0.4528 0.0151 0.06389
1 0.4411 0.4222 0.01458 0.05648
1 0.7724 0.3593 0.008854 0.04259
2 0.95 0.4676 0.02448 0.06759
1 0.7182 0.4454 0.01979 0.06574
1 0.5229 0.475 0.01823 0.06852
2 0.4281 0.3343 0.01198 0.03704
0 0.1375 0.4806 0.005208 0.007407
1 0.4094 0.4185 0.01927 0.05278
1 0.4151 0.9176 0.03594 0.1407
1 0.03281 0.5694 0.02552 0.08889
