1 0.5625 0.7333 0.02552 0.1287
1 0.4385 0.612 0.03333 0.09722
1 0.6443 0.4417 0.0224 0.07963
1 0.3177 0.3907 0.01823 0.07037
1 0.5068 0.5111 0.01667 0.08889
1 0.3318 0.6824 0.02865 0.09167
1 0.1917 0.4972 0.02083 0.08611
1 0.712 0.5009 0.01875 0.08889
1 0.2812 0.4898 0.02187 0.08889
2 0.175 0.5176 0.02135 0.09352
1 0.3406 0.6806 0.04479 0.09537
0 0.3297 0.6241 0.01094 0.01574
1 0.1 0.5278 0.02865 0.08981
1 0.8182 0.7389 0.03281 0.1204
1 0.8354 0.5296 0.03021 0.08611
3 0.8859 0.3231 0.0151 0.06389
