1 0.6818 0.688 0.03802 0.1167
1 0.4568 0.5463 0.02552 0.09444
1 0.2875 0.6852 0.02604 0.1222
1 0.8755 0.438 0.02135 0.08796
1 0.5703 0.3796 0.01823 0.07407
1 0.7188 0.4898 0.02448 0.09074
1 0.5839 0.5954 0.03906 0.05093
1 0.4297 0.5093 0.01927 0.1009
1 0.2115 0.3815 0.01771 0.0713
1 0.9734 0.5157 0.02604 0.09722
1 0.575 0.4824 0.01927 0.09259
2 0.4318 0.4602 0.01979 0.05648
1 0.1245 0.4241 0.01615 0.075
1 0.3234 0.5796 0.03438 0.1028
2 0.1292 0.2241 0.008854 0.04074
0 0.4109 0.5806 0.007292 0.01111
1 0.4375 0.5333 0.02344 0.09259
1 0.1703 0.7324 0.03854 0.125
1 0.8625 0.7056 0.04219 0.113
1 0.9458 0.5324 0.02969 0.09167
