1 0.8698 0.5944 0.02396 0.08241
1 0.2844 0.4713 0.0276 0.06204
1 0.2984 0.5917 0.02396 0.07315
1 0.6891 0.575 0.02448 0.07222
1 0.8161 0.4676 0.01302 0.06389
1 0.5167 0.4139 0.01302 0.05278
1 0.849 0.3713 0.01302 0.03611
2 0.9688 0.4769 0.02396 0.06481
1 0.8255 0.4509 0.01354 0.06204
1 0.6089 0.4843 0.01615 0.06667
2 0.5198 0.338 0.008854 0.0287
0 0.1167 0.4731 0.004687 0.006481
1 0.5068 0.4 0.01094 0.04722
1 0.4349 0.8778 0.02708 0.1315
1 0.1641 0.5843 0.01927 0.08519
3 0.1203 0.4472 0.01406 0.04722
