1 0.5745 0.7222 0.02604 0.1259
1 0.4464 0.6102 0.03698 0.09722
1 0.6656 0.4417 0.02187 0.07963
1 0.3432 0.3898 0.01823 0.06944
1 0.5266 0.5037 0.01562 0.08981
1 0.3625 0.663 0.02865 0.08889
1 0.2276 0.4991 0.025 0.08519
1 0.7333 0.5028 0.01823 0.08889
1 0.3083 0.4907 0.02292 0.08704
2 0.2047 0.5157 0.02135 0.09352
1 0.3703 0.6685 0.03698 0.1037
0 0.3484 0.6241 0.01094 0.01389
1 0.1297 0.5287 0.02604 0.08704
1 0.8198 0.7398 0.03594 0.1185
1 0.8443 0.5315 0.0276 0.08704
3 0.9078 0.3259 0.01667 0.06296
