1 0.8115 0.5926 0.02292 0.08426
1 0.1448 0.4389 0.02135 0.06204
1 0.2766 0.5583 0.0224 0.06204
1 0.9807 0.5796 0.0224 0.08241
1 0.6047 0.6037 0.01562 0.075
1 0.8609 0.4537 0.0125 0.06574
1 0.4917 0.3787 0.01146 0.05185
1 0.8375 0.35 0.01198 0.04074
2 0.9099 0.4583 0.01719 0.06296
1 0.8255 0.4333 0.01458 0.06111
1 0.5547 0.4667 0.01406 0.05833
2 0.5693 0.3009 0.007292 0.03241
0 0.1661 0.2815 0.005208 0.009259
1 0.4797 0.3694 0.01094 0.04815
1 0.4135 0.8583 0.03021 0.1333
1 0.1688 0.5778 0.02292 0.08889
3 0.1198 0.4093 0.01458 0.06296
