1 0.7036 0.6898 0.03594 0.1111
1 0.475 0.5481 0.02187 0.09352
1 0.004687 0.6083 0.009375 0.1204
1 0.2865 0.687 0.02448 0.1222
1 0.8755 0.4417 0.02031 0.08704
1 0.5719 0.3843 0.01719 0.07407
1 0.7224 0.4917 0.02292 0.08796
1 0.5771 0.5917 0.04115 0.05
1 0.4328 0.5148 0.01979 0.09722
1 0.2151 0.388 0.01667 0.06944
1 0.9745 0.5194 0.01823 0.0963
1 0.5687 0.4861 0.02135 0.09259
2 0.4349 0.4694 0.01875 0.06111
1 0.1349 0.4315 0.01458 0.07315
1 0.363 0.5898 0.03177 0.1083
2 0.1391 0.2315 0.01094 0.03981
0 0.4234 0.5704 0.00625 0.01111
1 0.4276 0.5296 0.02396 0.08796
1 0.201 0.7306 0.03333 0.1194
1 0.007292 0.562 0.0151 0.09907
1 0.8833 0.7102 0.03073 0.1148
1 0.9583 0.5324 0.02865 0.09352
