1 0.8594 0.5926 0.01979 0.0787
1 0.2568 0.462 0.0224 0.06019
1 0.2964 0.5796 0.02083 0.07685
1 0.6661 0.5796 0.01667 0.06481
1 0.8438 0.4676 0.01302 0.06574
1 0.5229 0.4065 0.01146 0.04907
1 0.8583 0.3667 0.009375 0.03796
2 0.9536 0.4722 0.01771 0.06111
1 0.8354 0.4491 0.01406 0.05648
1 0.6047 0.4787 0.02031 0.06574
2 0.5427 0.3296 0.009375 0.03333
0 0.1281 0.4676 0.004687 0.006481
1 0.5104 0.3926 0.01406 0.04444
1 0.4339 0.8694 0.03177 0.1231
1 0.1688 0.5852 0.02292 0.08796
3 0.1365 0.4407 0.02396 0.05
