1 0.7083 0.6907 0.03385 0.1093
1 0.4786 0.5509 0.0224 0.09444
1 0.004687 0.6083 0.009375 0.1204
1 0.2859 0.6889 0.02448 0.1222
1 0.8755 0.4426 0.01719 0.08704
1 0.5708 0.3861 0.01823 0.07407
1 0.7219 0.4926 0.02604 0.08796
1 0.574 0.5917 0.04219 0.05
1 0.4333 0.5157 0.01979 0.09537
1 0.2156 0.388 0.01562 0.06852
1 0.9745 0.5213 0.01823 0.09537
1 0.5672 0.487 0.02083 0.09259
2 0.4349 0.4722 0.01875 0.06111
1 0.137 0.4343 0.01354 0.07222
1 0.3729 0.5935 0.03021 0.1102
2 0.1406 0.2333 0.01094 0.03981
0 0.4271 0.5657 0.005729 0.01111
1 0.426 0.5278 0.02448 0.08796
1 0.2078 0.7306 0.03073 0.1194
1 0.009375 0.562 0.01823 0.09907
1 0.8885 0.713 0.02969 0.113
1 0.962 0.5333 0.02865 0.09537
