1 0.6703 0.6889 0.03646 0.1176
1 0.4458 0.5463 0.03021 0.09537
1 0.288 0.6852 0.02708 0.1222
1 0.8771 0.4352 0.01667 0.08796
1 0.5667 0.3778 0.02135 0.07407
1 0.7146 0.4907 0.03073 0.09259
1 0.5859 0.5963 0.03906 0.05093
1 0.4286 0.5056 0.01875 0.1028
1 0.2083 0.3778 0.01771 0.0713
1 0.9734 0.5148 0.03229 0.0963
1 0.5786 0.4806 0.01719 0.09259
2 0.4292 0.4565 0.02135 0.05278
1 0.1187 0.4231 0.01615 0.075
1 0.3036 0.5731 0.03333 0.1009
2 0.1234 0.2194 0.007292 0.04167
0 0.4062 0.5861 0.007292 0.01111
1 0.4422 0.5352 0.02344 0.0963
1 0.1542 0.7324 0.0401 0.1278
1 0.851 0.7046 0.03802 0.1167
1 0.9417 0.5315 0.03073 0.09259
