1 0.563 0.775 0.04115 0.113
1 0.6062 0.675 0.04271 0.09444
1 0.1635 0.5991 0.02552 0.0963
1 0.9464 0.438 0.025 0.07315
1 0.8411 0.3713 0.01875 0.05833
1 0.5948 0.6278 0.03854 0.08241
1 0.1875 0.7722 0.03229 0.125
1 0.5958 0.4611 0.02396 0.07315
1 0.2974 0.3389 0.0125 0.05278
1 0.976 0.4639 0.02187 0.06944
1 0.7745 0.375 0.02187 0.05741
1 0.4891 0.3157 0.0151 0.04167
2 0.6286 0.438 0.01875 0.07315
1 0.5271 0.413 0.01875 0.06481
1 0.3193 0.4954 0.02292 0.07407
2 0.4016 0.2454 0.006771 0.02593
0 0.6484 0.6167 0.009375 0.01389
1 0.2339 0.3676 0.01562 0.0537
1 0.275 0.7 0.03229 0.1028
1 0.05312 0.5907 0.02813 0.1009
1 0.6052 0.7731 0.04167 0.1065
1 0.9938 0.5333 0.01042 0.06389
