1 0.8526 0.5917 0.01927 0.07778
1 0.2422 0.4593 0.0224 0.05833
1 0.2943 0.575 0.02135 0.07593
1 0.6552 0.5843 0.01823 0.06574
1 0.8505 0.4657 0.01406 0.06667
1 0.5214 0.4037 0.0125 0.05
1 0.8583 0.3648 0.01042 0.03704
2 0.9453 0.4704 0.01667 0.06019
1 0.837 0.4472 0.01406 0.05648
1 0.5979 0.4759 0.01719 0.06389
2 0.5484 0.3259 0.008854 0.03333
0 0.1281 0.4639 0.004687 0.006481
1 0.5083 0.3898 0.01406 0.04352
1 0.4339 0.8685 0.02813 0.125
1 0.1677 0.5852 0.02344 0.08796
3 0.1396 0.4398 0.02187 0.05278
