1 0.8432 0.5815 0.02448 0.0787
1 0.3229 0.4815 0.02344 0.06667
1 0.3458 0.6565 0.03438 0.08704
1 0.975 0.5324 0.01927 0.07037
1 0.7255 0.5741 0.03177 0.07593
1 0.6984 0.4528 0.01562 0.06296
1 0.4437 0.4222 0.01458 0.05648
1 0.775 0.3593 0.009375 0.04259
2 0.9516 0.4685 0.02396 0.06667
1 0.7208 0.4454 0.01927 0.06574
1 0.526 0.475 0.01823 0.06852
2 0.4307 0.3343 0.01198 0.03704
0 0.137 0.4806 0.005208 0.007407
1 0.4125 0.4185 0.01927 0.05278
1 0.4167 0.9176 0.0349 0.1398
1 0.03594 0.5694 0.02552 0.08889
