1 0.887 0.5963 0.01719 0.08333
1 0.3229 0.4806 0.02865 0.06759
1 0.3135 0.6111 0.02969 0.07685
1 0.7229 0.5796 0.02656 0.0787
1 0.7953 0.4685 0.0125 0.06574
1 0.5141 0.4259 0.009896 0.05463
1 0.8453 0.3694 0.01146 0.04074
2 0.9901 0.4815 0.01562 0.06667
1 0.8161 0.4537 0.01615 0.06481
1 0.6167 0.4861 0.02083 0.06574
2 0.5094 0.3389 0.01094 0.03333
0 0.1141 0.4769 0.005208 0.007407
1 0.5031 0.4093 0.01094 0.05556
1 0.4432 0.8907 0.03229 0.1324
1 0.1583 0.5806 0.01979 0.08333
3 0.09896 0.4528 0.01615 0.05741
