1 0.5266 0.7917 0.0474 0.1398
1 0.387 0.6241 0.02396 0.09259
1 0.5453 0.4444 0.02031 0.08333
1 0.2026 0.4028 0.01771 0.07407
1 0.4073 0.5426 0.01823 0.09815
1 0.1615 0.7269 0.06302 0.1056
1 0.02917 0.5111 0.01979 0.08704
1 0.6151 0.5028 0.02187 0.09167
1 0.1536 0.5056 0.02656 0.09352
2 0.04167 0.5315 0.02552 0.09537
1 0.05625 0.7565 0.06823 0.1259
0 0.4026 0.7472 0.01458 0.01667
1 0.8047 0.7481 0.03333 0.1194
1 0.7703 0.5269 0.02187 0.09352
3 0.7932 0.3194 0.01771 0.06389
2 0.987 0.6935 0.025 0.1185
