1 0.7745 0.7667 0.02396 0.1194
1 0.7266 0.6296 0.02656 0.09722
1 0.005208 0.4407 0.01042 0.06296
1 0.2224 0.5852 0.02031 0.08611
1 0.8073 0.6083 0.02448 0.09074
1 0.3755 0.7231 0.02708 0.1046
1 0.7438 0.4556 0.0151 0.07037
1 0.3953 0.3593 0.01146 0.05
1 0.9422 0.4019 0.01615 0.06204
1 0.6755 0.3361 0.01354 0.04259
2 0.7792 0.4565 0.01667 0.06944
1 0.6969 0.4278 0.01406 0.06667
1 0.4516 0.4824 0.01667 0.07407
2 0.512 0.2722 0.008333 0.03426
0 0.287 0.4722 0.008854 0.01852
1 0.3641 0.3657 0.01302 0.05278
1 0.3521 0.787 0.03125 0.1
1 0.1458 0.5926 0.02187 0.09537
3 0.03802 0.3833 0.01458 0.05741
1 0.801 0.7861 0.0375 0.1176
