1 0.8531 0.5843 0.02396 0.07963
1 0.3292 0.4815 0.02187 0.06667
1 0.3458 0.6519 0.03646 0.08796
1 0.9885 0.5361 0.02135 0.07685
1 0.7312 0.575 0.03073 0.07593
1 0.7083 0.4546 0.01719 0.06296
1 0.4536 0.4241 0.01458 0.05648
1 0.7849 0.3611 0.01146 0.04259
2 0.9615 0.4713 0.02083 0.06389
1 0.7333 0.4463 0.01719 0.06574
1 0.5385 0.475 0.01719 0.06759
2 0.4417 0.3352 0.01302 0.03704
0 0.1365 0.4806 0.005208 0.007407
1 0.425 0.4194 0.01823 0.05463
1 0.4219 0.9148 0.03229 0.138
1 0.0526 0.5704 0.02396 0.08796
