1 0.9026 0.7676 0.02865 0.113
1 0.7688 0.6167 0.02292 0.08519
1 0.05729 0.4491 0.01771 0.06667
1 0.2437 0.5806 0.0224 0.07685
1 0.9005 0.6028 0.01927 0.09259
1 0.5219 0.6759 0.03698 0.09537
1 0.812 0.4611 0.01354 0.06481
1 0.4443 0.3759 0.01094 0.05
1 0.7693 0.3519 0.01354 0.04167
2 0.8484 0.4648 0.01615 0.06759
1 0.7719 0.4389 0.01406 0.06481
1 0.5062 0.4806 0.01562 0.06481
2 0.5542 0.2944 0.008854 0.03519
0 0.2151 0.2593 0.006771 0.009259
1 0.426 0.3759 0.01198 0.05093
1 0.387 0.8685 0.03333 0.1278
1 0.1693 0.5917 0.02135 0.08889
3 0.08021 0.4037 0.01406 0.05741
1 0.9646 0.7963 0.03125 0.1102
