1 0.9328 0.7694 0.03125 0.1148
1 0.7771 0.6111 0.02344 0.08241
1 0.07708 0.4491 0.01823 0.06667
1 0.251 0.5778 0.02292 0.07315
1 0.9214 0.6 0.02031 0.09444
1 0.5464 0.6574 0.0276 0.08796
1 0.8271 0.462 0.01354 0.06574
1 0.4573 0.3787 0.01042 0.04815
1 0.7901 0.3537 0.01198 0.04259
2 0.8656 0.4639 0.01562 0.06481
1 0.787 0.4398 0.01354 0.06481
1 0.5188 0.4787 0.01458 0.06667
2 0.5609 0.2972 0.008333 0.03519
0 0.2021 0.2444 0.006771 0.009259
1 0.4406 0.3759 0.01198 0.05
1 0.3964 0.8704 0.03333 0.1296
1 0.1719 0.5907 0.01875 0.08704
3 0.0901 0.4046 0.01302 0.05556
