1 0.4667 0.7759 0.04531 0.1185
1 0.5635 0.6676 0.04479 0.09352
1 0.06823 0.6111 0.02552 0.09722
1 0.8109 0.4176 0.02396 0.06481
1 0.6969 0.3556 0.02344 0.05093
1 0.5099 0.612 0.03281 0.08981
1 0.1073 0.7769 0.04948 0.1185
1 0.4875 0.4546 0.02187 0.07685
1 0.1776 0.3389 0.01042 0.05185
1 0.8359 0.4444 0.03021 0.06389
1 0.6484 0.3611 0.01562 0.05648
1 0.3432 0.3139 0.01458 0.04074
2 0.4927 0.4287 0.01771 0.06296
1 0.3964 0.4083 0.02292 0.06759
1 0.2177 0.5028 0.0276 0.08148
2 0.2786 0.237 0.009375 0.03056
0 0.6807 0.5722 0.006771 0.01296
1 0.1146 0.3741 0.02083 0.05833
1 0.1594 0.6907 0.02292 0.1028
1 0.5286 0.7463 0.04583 0.1009
1 0.8661 0.5111 0.02135 0.06667
