1 0.9682 0.7676 0.02552 0.1111
1 0.7896 0.6037 0.02292 0.07778
1 0.1031 0.4481 0.01823 0.06204
1 0.2615 0.5694 0.02083 0.06759
1 0.9453 0.5944 0.02135 0.09259
1 0.5745 0.6352 0.02292 0.08056
1 0.8432 0.4593 0.0151 0.06574
1 0.4729 0.3796 0.009896 0.04815
1 0.8125 0.3546 0.01042 0.04074
2 0.8854 0.4639 0.01615 0.06574
1 0.8063 0.4389 0.01354 0.06296
1 0.5328 0.4741 0.0151 0.06759
2 0.5656 0.3 0.009375 0.03426
0 0.187 0.2454 0.00625 0.009259
1 0.4583 0.3741 0.01146 0.04907
1 0.4026 0.8639 0.03229 0.1194
1 0.1708 0.588 0.01719 0.08611
3 0.1021 0.4037 0.01406 0.05278
