1 0.4344 0.7519 0.03125 0.1185
1 0.5854 0.6111 0.0349 0.08333
1 0.7208 0.4398 0.02396 0.06667
1 0.5844 0.3704 0.01146 0.05741
1 0.4667 0.5898 0.02031 0.09722
1 0.1 0.7898 0.03333 0.1278
1 0.3911 0.4926 0.0151 0.08426
1 0.03177 0.3796 0.01719 0.05741
1 0.7297 0.4833 0.01875 0.06944
1 0.5109 0.4019 0.01458 0.06389
1 0.1615 0.3611 0.01302 0.04722
2 0.3625 0.463 0.01927 0.07315
1 0.3005 0.4481 0.01719 0.075
1 0.1536 0.5546 0.03229 0.08704
2 0.149 0.2657 0.007812 0.03333
0 0.7 0.5093 0.007812 0.01481
1 0.005208 0.4324 0.01042 0.06296
1 0.02396 0.763 0.02969 0.1194
1 0.5427 0.7713 0.03802 0.1204
1 0.7333 0.5509 0.03542 0.08426
