1 0.5667 0.6917 0.03854 0.1204
1 0.3849 0.5694 0.02604 0.1046
1 0.3083 0.6713 0.0224 0.1269
1 0.8667 0.4157 0.02448 0.09167
1 0.5422 0.3611 0.01979 0.07685
1 0.688 0.4907 0.02604 0.0963
1 0.5943 0.5981 0.0401 0.06019
1 0.3839 0.4796 0.02031 0.08519
1 0.1708 0.3639 0.01667 0.07593
1 0.926 0.4991 0.02604 0.09907
1 0.575 0.4667 0.02448 0.09537
2 0.4021 0.462 0.02135 0.08981
1 0.05521 0.3954 0.01615 0.075
1 0.1766 0.5528 0.03333 0.1111
2 0.07865 0.1991 0.01094 0.04537
0 0.3698 0.6241 0.007812 0.01296
1 0.3984 0.5185 0.03125 0.1019
1 0.02708 0.7565 0.04219 0.1417
1 0.751 0.7213 0.03802 0.1148
1 0.8859 0.5361 0.03229 0.1056
