1 0.8917 0.5944 0.02604 0.08426
1 0.3448 0.4815 0.02396 0.06667
1 0.3349 0.625 0.03177 0.08333
1 0.7401 0.5787 0.02083 0.07407
1 0.7693 0.462 0.01562 0.06759
1 0.5016 0.4269 0.01771 0.05556
1 0.8333 0.3667 0.01146 0.04167
2 0.9938 0.4787 0.01094 0.06111
1 0.7953 0.4519 0.01771 0.06389
1 0.6031 0.4833 0.01823 0.06296
2 0.4958 0.3389 0.009375 0.03611
0 0.1286 0.4796 0.005208 0.007407
1 0.4875 0.4139 0.01302 0.05278
1 0.4432 0.9037 0.0349 0.1343
1 0.1359 0.5741 0.02448 0.08333
3 0.06094 0.4537 0.01823 0.05926
