1 0.537 0.6704 0.02865 0.1083
1 0.613 0.5491 0.02135 0.07407
1 0.02135 0.4898 0.0224 0.0787
1 0.2865 0.6009 0.02135 0.06759
1 0.8682 0.4519 0.02083 0.075
1 0.7594 0.3824 0.01823 0.05926
1 0.626 0.5722 0.03073 0.08611
1 0.4182 0.6194 0.01823 0.1
1 0.5302 0.4944 0.02292 0.08333
1 0.2995 0.3685 0.0125 0.05741
1 0.8958 0.4926 0.01562 0.08056
1 0.6594 0.4167 0.01302 0.07037
1 0.3219 0.3731 0.01771 0.05093
2 0.5109 0.4565 0.02448 0.07407
1 0.4526 0.4509 0.02656 0.07593
1 0.2766 0.5731 0.02396 0.09444
2 0.3839 0.2454 0.009896 0.03241
0 0.3031 0.487 0.009896 0.01852
1 0.1943 0.4602 0.02344 0.075
1 0.2839 0.625 0.02292 0.08148
1 0.2651 0.5481 0.01562 0.0537
1 0.7656 0.7065 0.03073 0.1065
1 0.9187 0.588 0.02865 0.09722
