1 0.9193 0.7685 0.03125 0.1157
1 0.7734 0.613 0.02292 0.08241
1 0.06823 0.45 0.01875 0.06944
1 0.2464 0.5796 0.025 0.07407
1 0.9125 0.6028 0.01979 0.09537
1 0.5359 0.6639 0.03177 0.09259
1 0.8214 0.462 0.0125 0.06481
1 0.4516 0.3778 0.01042 0.04907
1 0.7807 0.3528 0.01302 0.04167
2 0.8589 0.4639 0.0151 0.06481
1 0.7807 0.4398 0.01354 0.06667
1 0.5135 0.4787 0.01458 0.06481
2 0.5589 0.2963 0.007812 0.03519
0 0.2078 0.2463 0.006771 0.009259
1 0.4344 0.3759 0.0125 0.05
1 0.3937 0.875 0.03438 0.1333
1 0.1724 0.5917 0.02083 0.08704
3 0.08594 0.4056 0.01302 0.05741
1 0.9844 0.7935 0.02917 0.1046
