1 0.5401 0.6833 0.03177 0.08519
1 0.5833 0.5685 0.03021 0.08333
1 0.1021 0.487 0.02031 0.08519
1 0.3302 0.6083 0.01979 0.08148
1 0.8786 0.4537 0.02344 0.07778
1 0.7646 0.3806 0.01875 0.06389
1 0.6161 0.5806 0.02813 0.09259
1 0.4552 0.5991 0.02187 0.09259
1 0.5417 0.4889 0.0224 0.08148
1 0.3344 0.3639 0.01198 0.05926
1 0.9156 0.4889 0.02292 0.07963
1 0.6833 0.413 0.01875 0.07315
1 0.3245 0.3769 0.01615 0.05741
2 0.5245 0.4509 0.01406 0.07685
1 0.4536 0.4454 0.02083 0.07407
1 0.3292 0.5852 0.04479 0.0963
2 0.4057 0.2361 0.009896 0.03426
0 0.4953 0.4102 0.01094 0.01574
1 0.1885 0.4741 0.02448 0.075
1 0.3031 0.6111 0.02135 0.08241
1 0.2385 0.5546 0.03021 0.08519
1 0.7479 0.6981 0.0349 0.07778
1 0.9391 0.5861 0.02396 0.09352
