1 0.9818 0.7648 0.02083 0.1074
1 0.7932 0.6009 0.02292 0.07778
1 0.1099 0.4444 0.01875 0.06019
1 0.2625 0.5676 0.02396 0.06574
1 0.9526 0.5935 0.02135 0.09167
1 0.5813 0.6287 0.0276 0.07963
1 0.8469 0.4574 0.0151 0.06481
1 0.4766 0.3787 0.01094 0.05
1 0.8177 0.3546 0.01094 0.03981
2 0.8906 0.463 0.01562 0.06574
1 0.8104 0.4389 0.01354 0.06204
1 0.537 0.4741 0.0151 0.06667
2 0.5667 0.3 0.009896 0.03333
0 0.1823 0.25 0.005729 0.009259
1 0.463 0.3731 0.01146 0.04907
1 0.4036 0.8648 0.03333 0.1157
1 0.1703 0.5861 0.01979 0.08704
3 0.1042 0.4074 0.01354 0.05556
