1 0.7328 0.7472 0.03802 0.112
1 0.4036 0.6778 0.03646 0.1093
1 0.5307 0.412 0.02135 0.06852
1 0.3031 0.3704 0.01354 0.0713
1 0.4031 0.5796 0.03646 0.09815
1 0.1437 0.6565 0.01927 0.1083
1 0.1313 0.4722 0.02865 0.08611
1 0.5766 0.4546 0.02135 0.08241
1 0.237 0.4111 0.01927 0.07685
2 0.1703 0.4463 0.01823 0.08148
1 0.03333 0.4731 0.02604 0.08704
0 0.8521 0.7037 0.009375 0.01574
1 0.8307 0.7185 0.0276 0.1009
1 0.7365 0.5259 0.02656 0.08889
3 0.9406 0.3167 0.02135 0.06204
2 0.9885 0.7769 0.0224 0.1278
