1 0.8292 0.587 0.02135 0.08148
1 0.187 0.4426 0.02083 0.06111
1 0.2938 0.5565 0.02292 0.07778
1 0.6286 0.5889 0.02083 0.06944
1 0.8661 0.4556 0.01354 0.06667
1 0.5089 0.3843 0.009375 0.04907
1 0.8521 0.3528 0.01042 0.04167
2 0.925 0.4593 0.02031 0.06111
1 0.8359 0.4352 0.0125 0.05648
1 0.576 0.4657 0.01823 0.06389
2 0.5667 0.3074 0.009375 0.03426
0 0.1505 0.3583 0.005208 0.009259
1 0.4969 0.375 0.01146 0.04444
1 0.4266 0.8657 0.03385 0.1324
1 0.1708 0.5787 0.02135 0.08704
3 0.1349 0.4222 0.02396 0.05463
