1 0.637 0.6907 0.03177 0.1157
1 0.4464 0.5722 0.03021 0.0787
1 0.1521 0.7231 0.02917 0.1269
1 0.749 0.4398 0.01875 0.08056
1 0.4578 0.3843 0.01979 0.06574
1 0.6182 0.4861 0.01719 0.08611
1 0.4385 0.5935 0.04271 0.03889
1 0.3839 0.4935 0.02969 0.06574
1 0.07812 0.4046 0.01354 0.07222
1 0.826 0.5074 0.01823 0.08981
1 0.4286 0.4824 0.02865 0.07963
2 0.3193 0.5009 0.01823 0.08889
1 0.01302 0.4593 0.01198 0.07222
1 0.4323 0.6324 0.03958 0.1019
2 0.02187 0.2454 0.01042 0.03889
0 0.399 0.5852 0.006771 0.01296
1 0.2365 0.5176 0.02448 0.08148
1 0.1349 0.762 0.03229 0.1259
1 0.838 0.737 0.04323 0.1231
1 0.888 0.5259 0.02448 0.08426
