1 0.612 0.6583 0.02969 0.1046
1 0.5229 0.5667 0.02448 0.09167
1 0.1688 0.5315 0.02292 0.09259
1 0.5089 0.6194 0.02344 0.1009
1 0.9333 0.4343 0.0224 0.07963
1 0.6505 0.3741 0.01562 0.06389
1 0.7771 0.5037 0.02031 0.08704
1 0.7167 0.5833 0.0349 0.05463
1 0.5188 0.4694 0.01667 0.08241
1 0.3635 0.3722 0.01458 0.05926
1 0.9536 0.5056 0.02292 0.08704
1 0.6781 0.4593 0.02448 0.0787
1 0.1599 0.4769 0.01771 0.08148
2 0.5427 0.4685 0.02083 0.07685
1 0.274 0.3889 0.01406 0.05926
1 0.313 0.525 0.02187 0.08981
2 0.2964 0.2435 0.009896 0.03704
0 0.5656 0.613 0.009896 0.01296
1 0.5094 0.4861 0.02344 0.08148
1 0.213 0.6731 0.03021 0.1093
1 0.08906 0.5611 0.02396 0.09537
1 0.7839 0.7269 0.03281 0.1102
1 0.9245 0.5565 0.02865 0.09167
