1 0.5656 0.7148 0.05 0.09444
1 0.476 0.5972 0.03333 0.1
1 0.02187 0.4917 0.02292 0.09444
1 0.2089 0.5852 0.02552 0.1
1 0.7724 0.4194 0.02083 0.07963
1 0.6255 0.3509 0.01667 0.06481
1 0.5333 0.5704 0.03229 0.09537
1 0.3891 0.5796 0.02865 0.09167
1 0.4161 0.4519 0.01875 0.08611
1 0.2177 0.3444 0.0151 0.06019
1 0.8057 0.4565 0.02135 0.07685
1 0.5583 0.3806 0.01875 0.07222
1 0.1802 0.3685 0.01406 0.06019
2 0.4016 0.4194 0.01979 0.075
1 0.3396 0.4222 0.01875 0.0787
1 0.2245 0.6278 0.04531 0.06389
2 0.2781 0.2046 0.009375 0.03333
0 0.775 0.7676 0.01042 0.02037
1 0.07344 0.4676 0.02083 0.07685
1 0.1526 0.6454 0.04219 0.1139
1 0.06667 0.5398 0.03021 0.09074
1 0.7599 0.6935 0.03698 0.1009
1 0.874 0.5509 0.03542 0.08704
