1 0.5385 0.687 0.03229 0.07963
1 0.5766 0.5694 0.03177 0.08426
1 0.1052 0.4889 0.02187 0.08611
1 0.3307 0.6056 0.02083 0.08796
1 0.8776 0.4519 0.02292 0.07963
1 0.7604 0.3815 0.02187 0.06481
1 0.6141 0.5796 0.02865 0.09444
1 0.4536 0.5981 0.02187 0.09259
1 0.5396 0.487 0.02187 0.08241
1 0.3333 0.3639 0.01302 0.06019
1 0.9146 0.4889 0.02292 0.07963
1 0.6818 0.4139 0.01875 0.07315
1 0.3203 0.3787 0.01823 0.05741
2 0.5214 0.4509 0.01302 0.07685
1 0.451 0.4472 0.02135 0.07315
1 0.3297 0.5889 0.04375 0.1
2 0.4042 0.2352 0.009896 0.03426
0 0.5219 0.4093 0.01094 0.01574
1 0.1839 0.4769 0.02448 0.075
1 0.3005 0.6111 0.02031 0.08519
1 0.2313 0.5546 0.03229 0.08519
1 0.7453 0.7009 0.03698 0.07685
1 0.9391 0.5852 0.02448 0.09352
