1 0.7146 0.6907 0.02865 0.1148
1 0.4828 0.5648 0.03333 0.07685
1 0.262 0.6972 0.02813 0.1231
1 0.8531 0.4481 0.01458 0.08333
1 0.5573 0.3898 0.01771 0.06852
1 0.712 0.4944 0.02604 0.08426
1 0.538 0.5944 0.04635 0.04537
1 0.4349 0.5167 0.02396 0.08889
1 0.1958 0.3963 0.0151 0.07037
1 0.9432 0.5194 0.01667 0.08889
1 0.5411 0.4889 0.02031 0.08889
2 0.4156 0.4917 0.02187 0.08519
1 0.125 0.4417 0.01354 0.07037
1 0.4146 0.6083 0.03906 0.09907
2 0.1323 0.2398 0.01094 0.04167
0 0.4068 0.5565 0.005729 0.01019
1 0.3896 0.5167 0.02865 0.09537
1 0.2198 0.7333 0.03646 0.1204
1 0.9042 0.7231 0.03594 0.1176
1 0.9568 0.537 0.02865 0.09167
