1 0.626 0.688 0.04792 0.1213
1 0.4203 0.5537 0.025 0.09074
1 0.2974 0.6796 0.02969 0.1269
1 0.8729 0.4231 0.0224 0.08981
1 0.5563 0.3713 0.02083 0.07593
1 0.7005 0.4898 0.03229 0.09259
1 0.5911 0.5981 0.03802 0.05093
1 0.4073 0.4972 0.02187 0.09907
1 0.1917 0.3722 0.01615 0.075
1 0.9573 0.5046 0.03125 0.09815
1 0.5781 0.4778 0.02604 0.09907
2 0.4167 0.4565 0.0224 0.06852
1 0.09167 0.4111 0.01615 0.075
1 0.2453 0.5602 0.03698 0.1139
2 0.1052 0.2111 0.01198 0.04259
0 0.3891 0.6037 0.007812 0.01296
1 0.4286 0.5333 0.02813 0.1
1 0.09479 0.7444 0.04115 0.1315
1 0.8057 0.7093 0.03594 0.1065
1 0.9115 0.5324 0.02865 0.09815
