1 0.5328 0.7796 0.04583 0.1167
1 0.5927 0.675 0.04427 0.09815
1 0.1391 0.5991 0.02813 0.09537
1 0.9099 0.4306 0.02708 0.06852
1 0.8042 0.3639 0.01979 0.05741
1 0.5708 0.6213 0.03854 0.08241
1 0.1604 0.775 0.04479 0.1167
1 0.5667 0.4556 0.02344 0.07407
1 0.2682 0.337 0.01198 0.05185
1 0.9385 0.4546 0.02396 0.06852
1 0.7411 0.3694 0.02187 0.0537
1 0.4516 0.313 0.01615 0.04074
2 0.5943 0.4343 0.01875 0.06944
1 0.4917 0.4111 0.0224 0.06667
1 0.2927 0.4954 0.02292 0.0787
2 0.3714 0.2398 0.006771 0.02685
0 0.6661 0.6444 0.009375 0.01389
1 0.2021 0.3676 0.01719 0.05556
1 0.2464 0.6944 0.0276 0.1019
1 0.01823 0.5972 0.0349 0.09352
1 0.5839 0.7648 0.04167 0.1028
1 0.9646 0.5231 0.02396 0.06481
