1 0.625 0.6917 0.02969 0.1176
1 0.4417 0.5759 0.03385 0.08704
1 0.126 0.7296 0.03177 0.1194
1 0.7339 0.4389 0.01979 0.0787
1 0.4344 0.3824 0.01979 0.06759
1 0.6026 0.4898 0.01875 0.08519
1 0.4313 0.6019 0.04375 0.04352
1 0.3557 0.4889 0.02917 0.07315
1 0.0474 0.4093 0.02031 0.07315
1 0.8089 0.5056 0.02031 0.08889
1 0.4078 0.4824 0.02552 0.0787
2 0.2974 0.5019 0.01979 0.08796
1 0.4297 0.6389 0.04115 0.1009
0 0.4052 0.5954 0.006771 0.01296
1 0.2151 0.5185 0.01979 0.08426
1 0.1104 0.7713 0.03542 0.1296
1 0.8302 0.7343 0.03229 0.125
1 0.8786 0.5259 0.02396 0.08889
3 0.9885 0.3315 0.0224 0.06296
