1 0.8911 0.5935 0.02604 0.08426
1 0.3453 0.4824 0.02292 0.06574
1 0.337 0.6278 0.0349 0.08426
1 0.7411 0.5787 0.0224 0.07407
1 0.7661 0.4611 0.01562 0.06759
1 0.5005 0.4269 0.01823 0.05556
1 0.8318 0.3667 0.01146 0.04259
2 0.9938 0.4769 0.01146 0.05741
1 0.7927 0.4519 0.01823 0.06296
1 0.601 0.4833 0.01823 0.06389
2 0.4938 0.3389 0.009896 0.03611
0 0.1297 0.4796 0.005208 0.007407
1 0.4849 0.4157 0.0125 0.0537
1 0.4432 0.9046 0.03333 0.1343
1 0.1328 0.5731 0.02448 0.08333
3 0.05469 0.4537 0.01771 0.05926
