1 0.4604 0.7398 0.03542 0.1111
1 0.6125 0.5981 0.03229 0.07315
1 0.7594 0.4546 0.02396 0.06574
1 0.6036 0.375 0.01458 0.05648
1 0.4984 0.5824 0.02083 0.08148
1 0.1542 0.7769 0.04323 0.1231
1 0.4135 0.5046 0.02396 0.07685
1 0.04479 0.3861 0.01458 0.05741
1 0.7443 0.4944 0.01979 0.07778
1 0.5208 0.4185 0.01719 0.06481
1 0.1531 0.3694 0.01354 0.05185
2 0.3693 0.4694 0.01615 0.07407
1 0.3302 0.4602 0.02031 0.06944
1 0.1932 0.5593 0.03385 0.08426
2 0.1625 0.2667 0.008854 0.03333
0 0.6042 0.3454 0.009375 0.01574
1 0.02344 0.4417 0.02396 0.06667
1 0.07031 0.7565 0.04792 0.1019
1 0.6026 0.787 0.03125 0.1204
1 0.7651 0.563 0.02292 0.08796
