1 0.5219 0.6917 0.02396 0.1
1 0.637 0.5611 0.03021 0.07685
1 0.1948 0.6278 0.02083 0.09722
1 0.8417 0.4574 0.01771 0.07037
1 0.7161 0.388 0.0224 0.05556
1 0.6167 0.5759 0.01979 0.08148
1 0.3359 0.6796 0.02344 0.1065
1 0.5047 0.5019 0.01667 0.08333
1 0.2182 0.3796 0.01719 0.05833
1 0.851 0.5028 0.02344 0.07778
1 0.6115 0.4287 0.02344 0.07037
1 0.2734 0.3787 0.01406 0.0463
2 0.4677 0.4694 0.02083 0.07407
1 0.4271 0.4602 0.01667 0.07593
1 0.2938 0.5852 0.03646 0.08796
2 0.3203 0.2611 0.009375 0.03241
0 0.4276 0.238 0.008854 0.01389
1 0.1625 0.4546 0.02187 0.06481
1 0.2443 0.6731 0.02552 0.09722
1 0.1365 0.6222 0.02917 0.1019
1 0.7385 0.7528 0.03438 0.1139
1 0.9 0.5954 0.03594 0.08889
