1 0.6198 0.687 0.04896 0.1213
1 0.4156 0.5537 0.02292 0.09074
1 0.3 0.6778 0.02813 0.1269
1 0.8729 0.4222 0.0224 0.09074
1 0.5542 0.3704 0.01979 0.07685
1 0.6995 0.4898 0.03281 0.09259
1 0.5917 0.5981 0.03802 0.05093
1 0.4047 0.4954 0.02187 0.1019
1 0.188 0.3713 0.0151 0.075
1 0.9557 0.5037 0.03229 0.09907
1 0.5771 0.4769 0.02917 0.1
2 0.4151 0.4583 0.02292 0.07315
1 0.0875 0.4102 0.01615 0.075
1 0.237 0.5583 0.03542 0.1148
2 0.1021 0.2111 0.0125 0.04352
0 0.3875 0.6056 0.007812 0.01296
1 0.4245 0.5315 0.02708 0.1009
1 0.08594 0.7463 0.04167 0.1315
1 0.8016 0.7102 0.03646 0.1074
1 0.9073 0.5333 0.02708 0.09722
