1 0.5938 0.8954 0.05781 0.1491
1 0.5135 0.5778 0.02396 0.1157
1 0.4688 0.5565 0.04375 0.1083
1 0.6547 0.7102 0.04531 0.1315
1 0.9094 0.3259 0.01719 0.075
1 0.7953 0.4639 0.03333 0.09444
1 0.7458 0.5574 0.04219 0.06204
1 0.5615 0.3889 0.02135 0.07778
1 0.501 0.3324 0.02604 0.06296
1 0.5479 0.4667 0.02604 0.09537
1 0.5724 0.313 0.02813 0.06111
1 0.5182 0.2731 0.01458 0.05463
2 0.4927 0.3583 0.01875 0.07315
1 0.3563 0.387 0.01667 0.08704
1 0.1391 0.4611 0.01562 0.1
2 0.113 0.2519 0.01406 0.05556
0 0.2724 0.4954 0.01198 0.01019
