1 0.9557 0.7694 0.03073 0.1139
1 0.7865 0.6056 0.02292 0.07778
1 0.09583 0.45 0.01719 0.06296
1 0.2609 0.5731 0.01875 0.06944
1 0.9391 0.5954 0.02135 0.09352
1 0.5682 0.6407 0.01875 0.08148
1 0.8396 0.4602 0.0151 0.06667
1 0.4698 0.3806 0.009375 0.04722
1 0.8078 0.3546 0.01042 0.04167
2 0.8807 0.463 0.01667 0.06481
1 0.8021 0.4398 0.01354 0.06389
1 0.5297 0.4769 0.0151 0.06944
2 0.5656 0.3 0.009375 0.03519
0 0.1911 0.2417 0.006771 0.009259
1 0.4547 0.375 0.01146 0.04907
1 0.4016 0.8648 0.03125 0.1241
1 0.1719 0.5898 0.0151 0.08519
3 0.09948 0.4028 0.01406 0.05093
