1 0.6156 0.7769 0.03646 0.1139
1 0.6411 0.6602 0.03646 0.09074
1 0.1932 0.5954 0.02604 0.08981
1 0.9057 0.3796 0.01458 0.06111
1 0.6594 0.6093 0.02552 0.06019
1 0.2313 0.7713 0.03021 0.1194
1 0.6474 0.4583 0.01927 0.07315
1 0.3375 0.3463 0.01198 0.05
1 0.8302 0.3833 0.01823 0.05833
1 0.551 0.3213 0.01302 0.04259
2 0.6833 0.4435 0.01667 0.06667
1 0.5844 0.4176 0.01927 0.07037
1 0.3625 0.4917 0.02083 0.0787
2 0.4458 0.2519 0.009375 0.03241
0 0.5734 0.587 0.0125 0.01389
1 0.2823 0.3639 0.01615 0.05278
1 0.3057 0.7148 0.02865 0.112
1 0.09271 0.5907 0.0276 0.09537
1 0.6417 0.7824 0.03646 0.1046
