1 0.5849 0.6889 0.03646 0.1231
1 0.3937 0.5639 0.02604 0.09907
1 0.3057 0.6787 0.02708 0.1269
1 0.8661 0.4194 0.02656 0.09444
1 0.5469 0.3657 0.01667 0.07315
1 0.6937 0.4889 0.01667 0.0963
1 0.5927 0.5972 0.03906 0.05741
1 0.3917 0.4861 0.01719 0.09722
1 0.1786 0.3676 0.01979 0.075
1 0.937 0.4991 0.02969 0.1
1 0.5755 0.4667 0.0224 0.09907
2 0.4083 0.4667 0.02344 0.09259
1 0.06771 0.4 0.01615 0.075
1 0.2 0.5537 0.03646 0.113
2 0.08594 0.2028 0.01094 0.04537
0 0.3755 0.6176 0.007812 0.01296
1 0.4089 0.5259 0.03125 0.09722
1 0.04583 0.7519 0.03229 0.1389
1 0.7698 0.7139 0.04427 0.1167
1 0.8969 0.5361 0.03021 0.1037
