1 0.6859 0.688 0.03854 0.1167
1 0.4609 0.5463 0.02448 0.09444
1 0.287 0.6852 0.02552 0.1222
1 0.8755 0.4389 0.02292 0.08796
1 0.5714 0.3806 0.01771 0.07407
1 0.7198 0.4898 0.0224 0.08981
1 0.5828 0.5944 0.03906 0.05093
1 0.4302 0.5102 0.01927 0.1009
1 0.212 0.3824 0.01771 0.0713
1 0.9734 0.5167 0.02396 0.09815
1 0.575 0.4824 0.02031 0.09259
2 0.4328 0.462 0.01979 0.05741
1 0.1266 0.4241 0.01615 0.075
1 0.3297 0.5815 0.03438 0.1028
2 0.1313 0.225 0.009375 0.04074
0 0.4125 0.5787 0.007292 0.01111
1 0.4359 0.5333 0.02292 0.09167
1 0.1755 0.7306 0.03854 0.1231
1 0.8667 0.7056 0.04323 0.112
1 0.9474 0.5324 0.02917 0.09167
