1 0.5354 0.6935 0.0349 0.08333
1 0.5656 0.575 0.03125 0.08611
1 0.1016 0.4907 0.02344 0.08704
1 0.324 0.6046 0.02083 0.08889
1 0.8708 0.4519 0.02344 0.0787
1 0.7521 0.3815 0.01979 0.06481
1 0.6062 0.5833 0.02813 0.09444
1 0.4531 0.5981 0.0224 0.09259
1 0.5318 0.487 0.0224 0.08333
1 0.326 0.3639 0.01302 0.06019
1 0.9078 0.4889 0.025 0.08056
1 0.675 0.412 0.01771 0.07222
1 0.3094 0.3787 0.01719 0.05741
2 0.5141 0.4491 0.01406 0.07685
1 0.4432 0.4463 0.02135 0.075
1 0.325 0.5981 0.03906 0.08704
2 0.3953 0.2352 0.008854 0.03426
0 0.5375 0.4148 0.01094 0.01574
1 0.1755 0.4787 0.02396 0.07778
1 0.288 0.6148 0.02292 0.08611
1 0.2172 0.5509 0.02969 0.08611
1 0.7448 0.7009 0.03802 0.0787
1 0.9328 0.5852 0.0276 0.09352
