1 0.851 0.7657 0.025 0.112
1 0.7568 0.6241 0.02656 0.09259
1 0.03073 0.45 0.01667 0.06574
1 0.2349 0.5796 0.02031 0.07963
1 0.8682 0.6056 0.02031 0.08889
1 0.4766 0.6972 0.0375 0.1
1 0.787 0.4583 0.0151 0.06481
1 0.4255 0.3694 0.01146 0.04907
1 0.7354 0.3472 0.01302 0.04259
2 0.8219 0.462 0.01667 0.07037
1 0.7453 0.437 0.01458 0.06574
1 0.487 0.4824 0.01615 0.0713
2 0.5401 0.2852 0.008854 0.03426
0 0.2354 0.3056 0.006771 0.01111
1 0.4026 0.3713 0.01146 0.05093
1 0.3724 0.8481 0.03594 0.125
1 0.162 0.5907 0.02031 0.08981
3 0.06406 0.3954 0.01406 0.05741
1 0.9005 0.7935 0.03854 0.1176
