1 0.5714 0.7759 0.0401 0.113
1 0.612 0.6722 0.04167 0.09352
1 0.1688 0.5991 0.02552 0.09537
1 0.9557 0.4398 0.02292 0.0713
1 0.8531 0.3731 0.01823 0.05926
1 0.6057 0.6231 0.03594 0.07593
1 0.1953 0.7722 0.03125 0.1241
1 0.6047 0.4602 0.02292 0.07315
1 0.3047 0.3398 0.0125 0.05185
1 0.7844 0.3759 0.02083 0.05741
1 0.5 0.3167 0.01458 0.04167
2 0.6385 0.438 0.01823 0.0713
1 0.537 0.4139 0.01927 0.06574
1 0.3271 0.4944 0.0224 0.075
2 0.4099 0.2454 0.007292 0.02685
0 0.6375 0.6102 0.009896 0.01389
1 0.2427 0.3676 0.01615 0.0537
1 0.2802 0.7028 0.03177 0.1046
1 0.06042 0.5907 0.02813 0.1
1 0.6104 0.775 0.0401 0.1056
