1 0.638 0.7731 0.03542 0.1102
1 0.6578 0.6528 0.03385 0.09259
1 0.1995 0.5954 0.02344 0.09074
1 0.9266 0.3833 0.01406 0.06111
1 0.6823 0.6148 0.02813 0.07778
1 0.2458 0.7713 0.03542 0.1167
1 0.6661 0.4565 0.01771 0.075
1 0.3495 0.3481 0.009896 0.05
1 0.8479 0.3861 0.01771 0.05833
1 0.5724 0.3231 0.01198 0.04167
2 0.701 0.4454 0.01615 0.06759
1 0.6057 0.4194 0.01615 0.07222
1 0.3786 0.4926 0.02083 0.07963
2 0.4589 0.2556 0.008854 0.03241
0 0.5281 0.5889 0.01354 0.01389
1 0.2974 0.3639 0.01406 0.0537
1 0.3167 0.713 0.02448 0.1194
1 0.1047 0.5907 0.0276 0.09537
1 0.6615 0.7833 0.03646 0.1083
