1 0.7021 0.6889 0.0375 0.113
1 0.4734 0.5481 0.02135 0.09352
1 0.004687 0.6083 0.009375 0.1204
1 0.2865 0.687 0.02448 0.1222
1 0.8755 0.4407 0.0224 0.08704
1 0.5729 0.3833 0.01667 0.07407
1 0.7224 0.4907 0.02135 0.08796
1 0.5781 0.5926 0.04063 0.05093
1 0.4323 0.5157 0.01979 0.09815
1 0.2151 0.387 0.01667 0.07037
1 0.974 0.5185 0.01875 0.09722
1 0.5693 0.4852 0.02135 0.09259
2 0.4349 0.4685 0.01875 0.06111
1 0.1333 0.4287 0.0151 0.07407
1 0.3583 0.5889 0.03281 0.1074
2 0.1385 0.2306 0.01094 0.03981
0 0.4224 0.5704 0.00625 0.01111
1 0.4286 0.5296 0.02344 0.08796
1 0.1974 0.7315 0.03438 0.1204
1 0.006771 0.562 0.01354 0.09907
1 0.8823 0.7102 0.03385 0.1139
1 0.9563 0.5324 0.02865 0.09259
