1 0.5182 0.6954 0.02708 0.1
1 0.6375 0.5657 0.02813 0.075
1 0.1656 0.6296 0.02031 0.09815
1 0.8354 0.4583 0.01562 0.06574
1 0.7021 0.387 0.01927 0.05648
1 0.6042 0.5759 0.02292 0.08241
1 0.3161 0.6963 0.02552 0.1074
1 0.4969 0.5046 0.02656 0.07963
1 0.1927 0.3824 0.01354 0.05741
1 0.838 0.5028 0.02292 0.07778
1 0.6 0.4296 0.01615 0.07037
1 0.2568 0.375 0.01354 0.04907
2 0.4557 0.4704 0.01771 0.07407
1 0.4203 0.463 0.0224 0.07407
1 0.2911 0.5815 0.03646 0.08519
2 0.2995 0.2639 0.009375 0.03241
0 0.4495 0.2185 0.008854 0.01296
1 0.1505 0.4537 0.0224 0.06389
1 0.2318 0.688 0.04167 0.09537
1 0.09948 0.6231 0.0276 0.09722
1 0.726 0.7574 0.03229 0.1148
1 0.8911 0.5935 0.03385 0.08611
