1 0.6557 0.5759 0.0224 0.1102
1 0.3417 0.5102 0.03698 0.09074
1 0.6224 0.7426 0.02969 0.1278
1 0.8891 0.4861 0.02031 0.1009
1 0.7667 0.5574 0.02708 0.09722
1 0.7406 0.4037 0.02656 0.08889
1 0.4901 0.3537 0.01667 0.0713
1 0.8526 0.4944 0.0276 0.0963
1 0.8906 0.3343 0.03385 0.07778
1 0.7161 0.2852 0.01615 0.05833
2 0.6948 0.3852 0.02187 0.0787
1 0.5167 0.3898 0.02344 0.08704
1 0.2333 0.4796 0.03698 0.09167
2 0.2276 0.2583 0.01302 0.0537
0 0.2104 0.5213 0.006771 0.01111
1 0.08021 0.3917 0.02292 0.08611
