1 0.8677 0.5944 0.02344 0.08241
1 0.2797 0.4694 0.02813 0.06204
1 0.2979 0.588 0.02292 0.075
1 0.6839 0.5769 0.02344 0.06944
1 0.8224 0.4667 0.01302 0.06481
1 0.5188 0.412 0.0125 0.05185
1 0.8521 0.3694 0.01198 0.03796
2 0.9656 0.4759 0.02552 0.06389
1 0.8276 0.45 0.0151 0.06019
1 0.6099 0.4833 0.01875 0.06574
2 0.525 0.3361 0.009375 0.0287
0 0.1198 0.4722 0.004687 0.006481
1 0.5083 0.3981 0.009896 0.04722
1 0.4354 0.8778 0.03281 0.1287
1 0.1661 0.5843 0.02031 0.08704
3 0.124 0.4463 0.01771 0.04815
