1 0.975 0.7667 0.02344 0.1093
1 0.7917 0.6019 0.02292 0.07778
1 0.1062 0.4463 0.01875 0.06111
1 0.2625 0.5685 0.0224 0.06667
1 0.949 0.5935 0.02135 0.09167
1 0.5781 0.6324 0.02552 0.08056
1 0.8453 0.4583 0.0151 0.06481
1 0.475 0.3787 0.01042 0.04907
1 0.8151 0.3546 0.01042 0.04074
2 0.8885 0.463 0.01615 0.06574
1 0.8083 0.4389 0.01354 0.06204
1 0.5349 0.4741 0.0151 0.06759
2 0.5667 0.3 0.009896 0.03333
0 0.1844 0.2481 0.005729 0.009259
1 0.4604 0.3731 0.01146 0.04907
1 0.4031 0.8648 0.03281 0.1176
1 0.1708 0.587 0.01875 0.08704
3 0.1031 0.4056 0.01354 0.0537
