1 0.8625 0.5944 0.02135 0.08148
1 0.2667 0.4639 0.02656 0.06019
1 0.2969 0.5815 0.02083 0.07778
1 0.6729 0.5796 0.02031 0.06574
1 0.8365 0.4657 0.01302 0.06667
1 0.5214 0.4093 0.01094 0.05
1 0.8568 0.3694 0.01042 0.03981
2 0.9594 0.4741 0.02448 0.06204
1 0.8328 0.45 0.01667 0.05741
1 0.6083 0.4806 0.02135 0.06481
2 0.5365 0.3315 0.009896 0.03148
0 0.1266 0.4704 0.004687 0.006481
1 0.5099 0.3944 0.01042 0.04537
1 0.4349 0.8731 0.03854 0.1231
1 0.1693 0.5852 0.0224 0.08796
3 0.1323 0.4426 0.02344 0.04907
