1 0.8891 0.5963 0.01771 0.08426
1 0.3271 0.4824 0.02813 0.06852
1 0.3161 0.613 0.03229 0.07593
1 0.7271 0.5815 0.02656 0.07778
1 0.7932 0.4694 0.01198 0.06574
1 0.513 0.4269 0.008333 0.05463
1 0.8453 0.3685 0.01042 0.04167
2 0.9917 0.4815 0.0151 0.06667
1 0.8146 0.4546 0.01667 0.06574
1 0.6172 0.487 0.02083 0.06574
2 0.5089 0.3398 0.01146 0.03426
0 0.1161 0.4787 0.005208 0.007407
1 0.5031 0.4111 0.01146 0.05556
1 0.4437 0.8917 0.03021 0.1333
1 0.1578 0.5806 0.01979 0.08333
3 0.09635 0.4537 0.01615 0.05833
