1 0.7224 0.7565 0.02135 0.1009
1 0.701 0.6333 0.0224 0.09722
1 0.2135 0.5861 0.02083 0.09352
1 0.9807 0.3926 0.01302 0.06019
1 0.7568 0.6093 0.02187 0.09352
1 0.3182 0.7444 0.0276 0.1194
1 0.7125 0.4546 0.01562 0.075
1 0.3766 0.3528 0.01094 0.05
1 0.901 0.3935 0.01458 0.06204
1 0.6333 0.3287 0.01354 0.04259
2 0.749 0.45 0.01615 0.0713
1 0.6604 0.4231 0.01458 0.06759
1 0.424 0.4833 0.01875 0.07778
2 0.4917 0.2639 0.008854 0.03426
0 0.3547 0.6083 0.01302 0.02037
1 0.3375 0.3648 0.01406 0.05463
1 0.3391 0.7343 0.02865 0.125
1 0.1328 0.5889 0.02552 0.09722
3 0.01875 0.3759 0.01562 0.05926
1 0.7323 0.7861 0.03073 0.1167
