1 0.6875 0.5741 0.02135 0.1074
1 0.3172 0.5157 0.03281 0.08611
1 0.5932 0.7509 0.03698 0.1231
1 0.9172 0.4972 0.01979 0.09722
1 0.7458 0.5639 0.03177 0.09722
1 0.7536 0.425 0.02552 0.0787
1 0.4896 0.3704 0.01719 0.07037
1 0.938 0.5056 0.03073 0.09815
1 0.9646 0.3593 0.02344 0.07407
1 0.7448 0.3046 0.01562 0.0537
2 0.7495 0.4 0.02083 0.0787
1 0.5578 0.3991 0.01771 0.08241
1 0.2578 0.4889 0.02344 0.08981
2 0.2682 0.2722 0.0151 0.05
0 0.2422 0.525 0.006771 0.01111
1 0.1323 0.3954 0.02083 0.0787
1 0.1589 0.9694 0.0349 0.05926
