1 0.463 0.7769 0.04271 0.1185
1 0.5625 0.6667 0.04323 0.09444
1 0.06198 0.612 0.0276 0.09722
1 0.8042 0.4176 0.02344 0.06481
1 0.6906 0.3556 0.0224 0.05093
1 0.5052 0.6111 0.03125 0.09074
1 0.1031 0.7769 0.04635 0.1185
1 0.4807 0.4546 0.0224 0.07778
1 0.1698 0.3398 0.01094 0.05278
1 0.8297 0.4444 0.02865 0.06481
1 0.6417 0.3611 0.01667 0.05648
1 0.3354 0.3157 0.01458 0.04074
2 0.4859 0.4287 0.01823 0.06389
1 0.3896 0.4093 0.0224 0.06759
1 0.213 0.5046 0.02708 0.08148
2 0.2714 0.237 0.008854 0.03056
0 0.6813 0.5676 0.006771 0.01296
1 0.1073 0.375 0.02135 0.05926
1 0.1526 0.6935 0.02552 0.1019
1 0.5266 0.7454 0.04531 0.1019
1 0.8589 0.5111 0.02083 0.06667
