1 0.6865 0.687 0.02969 0.112
1 0.4641 0.5815 0.03281 0.06204
1 0.2297 0.7065 0.03281 0.1176
1 0.8125 0.4463 0.02344 0.08333
1 0.5229 0.3898 0.02187 0.06759
1 0.6781 0.4944 0.02187 0.08426
1 0.4974 0.5972 0.05104 0.04074
1 0.424 0.5111 0.03125 0.08148
1 0.1589 0.4009 0.01458 0.06944
1 0.8974 0.5176 0.0224 0.09167
1 0.4984 0.4833 0.025 0.09444
2 0.3833 0.4972 0.01823 0.08889
1 0.08958 0.4472 0.01406 0.07037
1 0.425 0.6185 0.03542 0.1009
2 0.09635 0.2463 0.009375 0.03981
0 0.3948 0.5694 0.006771 0.01296
1 0.3208 0.5194 0.02917 0.08796
1 0.1969 0.7417 0.0349 0.1222
1 0.875 0.7278 0.02865 0.1194
1 0.9318 0.5343 0.02813 0.0963
