1 0.576 0.6907 0.0375 0.1222
1 0.3896 0.5667 0.02604 0.1019
1 0.3068 0.675 0.025 0.1269
1 0.8661 0.4176 0.02552 0.09259
1 0.5448 0.362 0.01823 0.075
1 0.6906 0.4898 0.02135 0.0963
1 0.5938 0.5981 0.03958 0.05926
1 0.388 0.4833 0.01875 0.09167
1 0.175 0.3648 0.01823 0.075
1 0.9313 0.4991 0.0276 0.1
1 0.575 0.4657 0.02344 0.09722
2 0.4057 0.4657 0.0224 0.09167
1 0.06146 0.3972 0.01615 0.075
1 0.1885 0.5528 0.0349 0.112
2 0.08229 0.2009 0.01094 0.04537
0 0.3724 0.6213 0.007812 0.01296
1 0.4036 0.5222 0.03125 0.1
1 0.03698 0.7546 0.03698 0.1398
1 0.7609 0.7167 0.04115 0.1157
1 0.8917 0.5352 0.03125 0.1046
