1 0.7656 0.9139 0.06719 0.1685
1 0.5656 0.575 0.02552 0.1176
1 0.426 0.5306 0.04479 0.1083
1 0.65 0.7194 0.04219 0.1315
1 0.9896 0.3222 0.02031 0.08241
1 0.8135 0.4657 0.025 0.09722
1 0.7688 0.5435 0.03333 0.1028
1 0.6297 0.3889 0.01927 0.08796
1 0.4938 0.3343 0.01875 0.06944
1 0.6438 0.4731 0.03177 0.09167
1 0.6891 0.313 0.0276 0.06759
1 0.5927 0.2694 0.0151 0.05833
2 0.5589 0.3602 0.01979 0.075
1 0.4109 0.3833 0.01875 0.08981
1 0.1646 0.4602 0.03021 0.09537
2 0.1474 0.2463 0.0151 0.05556
0 0.1656 0.4861 0.006771 0.01111
