1 0.8776 0.5963 0.01875 0.08148
1 0.301 0.4759 0.02917 0.06481
1 0.3031 0.5991 0.02292 0.07685
1 0.7036 0.575 0.02656 0.07685
1 0.8063 0.4667 0.01302 0.06574
1 0.5167 0.4185 0.01406 0.05278
1 0.8469 0.3704 0.01406 0.03704
2 0.9786 0.4796 0.01875 0.06481
1 0.8214 0.4519 0.01354 0.06296
1 0.612 0.4833 0.01823 0.06667
2 0.5141 0.337 0.009375 0.03056
0 0.1109 0.4722 0.004687 0.007407
1 0.5052 0.4037 0.009896 0.05185
1 0.4396 0.8843 0.03385 0.1296
1 0.1609 0.5824 0.01875 0.08519
3 0.1115 0.4491 0.01562 0.05093
