1 0.5578 0.7352 0.025 0.1296
1 0.4328 0.6139 0.02969 0.09722
1 0.6339 0.4417 0.02187 0.07963
1 0.3052 0.3907 0.01719 0.07037
1 0.4984 0.5157 0.01771 0.08796
1 0.3078 0.6898 0.04167 0.09907
1 0.176 0.4963 0.01979 0.08704
1 0.7016 0.5 0.01979 0.08889
1 0.2693 0.4898 0.02187 0.08889
2 0.1615 0.5185 0.02135 0.09352
1 0.3229 0.6843 0.05365 0.09722
0 0.3156 0.6306 0.01094 0.01667
1 0.08542 0.5269 0.03021 0.09074
1 0.8167 0.737 0.0276 0.1222
1 0.8307 0.5287 0.03177 0.08611
3 0.876 0.3231 0.0151 0.06481
