1 0.625 0.8991 0.0599 0.1519
1 0.5219 0.5769 0.02396 0.1139
1 0.4552 0.5519 0.04323 0.1111
1 0.6547 0.7111 0.03958 0.1361
1 0.9219 0.3241 0.01979 0.075
1 0.7979 0.4611 0.02396 0.09815
1 0.75 0.5546 0.03906 0.0713
1 0.5703 0.3889 0.02448 0.0787
1 0.4984 0.3315 0.02396 0.06296
1 0.5594 0.4676 0.02917 0.09259
1 0.5922 0.3111 0.03021 0.06296
1 0.5307 0.2731 0.01615 0.05463
2 0.5042 0.3574 0.01667 0.07593
1 0.3641 0.3861 0.01927 0.08611
1 0.1437 0.4593 0.02083 0.09722
2 0.1182 0.25 0.01406 0.05556
0 0.2276 0.4926 0.01094 0.01019
