1 0.9385 0.7694 0.03073 0.1148
1 0.7792 0.6102 0.02396 0.08241
1 0.08125 0.45 0.01823 0.06574
1 0.2536 0.5759 0.02187 0.07222
1 0.925 0.6 0.02083 0.09444
1 0.5505 0.6528 0.02552 0.08519
1 0.8302 0.462 0.01406 0.06574
1 0.4594 0.3787 0.01042 0.04815
1 0.7937 0.3537 0.01198 0.04259
2 0.8693 0.4639 0.01615 0.06481
1 0.7901 0.4398 0.01354 0.06389
1 0.5208 0.4778 0.01458 0.06667
2 0.562 0.2981 0.008854 0.03519
0 0.1995 0.2435 0.006771 0.009259
1 0.4432 0.3759 0.01198 0.05
1 0.3979 0.8704 0.03281 0.1287
1 0.1719 0.5898 0.01771 0.08611
3 0.09167 0.4046 0.01302 0.05556
