1 0.8927 0.5963 0.025 0.08426
1 0.3417 0.4824 0.0276 0.06574
1 0.3281 0.6194 0.02344 0.08148
1 0.7365 0.5796 0.01667 0.075
1 0.7812 0.4657 0.01406 0.06852
1 0.5078 0.4259 0.01458 0.05556
1 0.8401 0.3704 0.01198 0.04074
2 0.9953 0.4815 0.008333 0.06667
1 0.8057 0.4537 0.01667 0.06574
1 0.6109 0.4852 0.01771 0.06296
2 0.5026 0.3389 0.008333 0.03519
0 0.1245 0.4806 0.005208 0.007407
1 0.4974 0.4139 0.01406 0.05185
1 0.4443 0.8991 0.03906 0.1324
1 0.1464 0.5769 0.02344 0.08426
3 0.07969 0.4565 0.01927 0.05926
