1 0.5516 0.7194 0.03906 0.0963
1 0.4938 0.5963 0.02969 0.08796
1 0.05156 0.4944 0.02187 0.09352
1 0.2505 0.5907 0.0276 0.1
1 0.8063 0.4324 0.02135 0.08056
1 0.6661 0.362 0.01667 0.06481
1 0.5505 0.5787 0.03177 0.0963
1 0.4151 0.587 0.02135 0.09722
1 0.4568 0.4648 0.01979 0.08519
1 0.2536 0.3519 0.01302 0.06019
1 0.8406 0.4694 0.02135 0.08148
1 0.5979 0.3926 0.01875 0.0713
1 0.2177 0.3731 0.01771 0.06019
2 0.4365 0.4287 0.01719 0.07778
1 0.3719 0.4306 0.02292 0.07593
1 0.262 0.6389 0.04844 0.0463
2 0.3167 0.2148 0.007812 0.03426
0 0.7167 0.6009 0.01042 0.01667
1 0.1021 0.4731 0.02656 0.07778
1 0.1953 0.6361 0.04479 0.1037
1 0.1078 0.537 0.02187 0.09352
1 0.7505 0.7037 0.03802 0.09444
1 0.8932 0.563 0.03385 0.09722
