1 0.6937 0.687 0.03958 0.1157
1 0.4677 0.5463 0.02135 0.09352
1 0.287 0.6852 0.025 0.1222
1 0.8745 0.4389 0.02552 0.08704
1 0.5734 0.3815 0.01562 0.07407
1 0.7224 0.4898 0.01875 0.08889
1 0.5818 0.5935 0.03906 0.05093
1 0.4318 0.5139 0.01979 0.1
1 0.2141 0.3852 0.01771 0.0713
1 0.974 0.5176 0.02031 0.09907
1 0.5724 0.4833 0.02187 0.09259
2 0.4344 0.4639 0.01875 0.06019
1 0.1302 0.4241 0.01615 0.075
1 0.3432 0.5843 0.0349 0.1046
2 0.1354 0.2278 0.01094 0.03981
0 0.4156 0.5759 0.006771 0.01111
1 0.4328 0.5315 0.02292 0.08889
1 0.1865 0.7315 0.0375 0.1213
1 0.005208 0.562 0.01042 0.09907
1 0.874 0.7056 0.04583 0.1093
1 0.951 0.5333 0.02865 0.09167
