1 0.5339 0.8833 0.05937 0.1519
1 0.4948 0.5824 0.02135 0.1157
1 0.4828 0.5676 0.03177 0.1019
1 0.6542 0.6963 0.02656 0.1343
1 0.9948 0.4074 0.009896 0.09352
1 0.8922 0.3315 0.01406 0.075
1 0.7948 0.4648 0.01979 0.09537
1 0.7359 0.5556 0.03385 0.0713
1 0.5557 0.3861 0.01458 0.08241
1 0.5036 0.338 0.02656 0.05833
1 0.5156 0.475 0.0276 0.08796
1 0.5349 0.3176 0.02292 0.05463
1 0.4969 0.2824 0.01615 0.04907
2 0.4708 0.3593 0.01719 0.07593
1 0.3448 0.3954 0.01719 0.08704
1 0.1349 0.4667 0.01458 0.1009
2 0.1057 0.2583 0.01406 0.05463
0 0.388 0.4981 0.01198 0.01019
