1 0.6771 0.5778 0.0224 0.1093
1 0.3312 0.5139 0.025 0.08426
1 0.6083 0.7509 0.03438 0.1194
1 0.9104 0.4954 0.01823 0.1
1 0.7641 0.563 0.02135 0.0963
1 0.7609 0.425 0.02656 0.0787
1 0.4943 0.363 0.01615 0.06944
1 0.9062 0.5019 0.02604 0.1
1 0.9396 0.3509 0.0224 0.075
1 0.738 0.2944 0.01354 0.05648
2 0.7271 0.3954 0.02344 0.07963
1 0.5437 0.3963 0.02031 0.08426
1 0.25 0.4889 0.02917 0.09352
2 0.2536 0.2676 0.01406 0.05093
0 0.2286 0.5269 0.006771 0.01111
1 0.1109 0.3944 0.02135 0.08241
1 0.1057 0.9759 0.03438 0.04444
