1 0.562 0.713 0.04219 0.09167
1 0.4813 0.5963 0.03333 0.09815
1 0.03438 0.4898 0.02083 0.0963
1 0.226 0.5843 0.02813 0.1
1 0.7839 0.4231 0.02135 0.08056
1 0.6391 0.3528 0.01667 0.06481
1 0.5391 0.5704 0.03594 0.0963
1 0.3995 0.5787 0.02865 0.09259
1 0.4313 0.4546 0.01823 0.08611
1 0.2302 0.3444 0.01302 0.06019
1 0.8187 0.4583 0.01875 0.07778
1 0.5724 0.3824 0.01875 0.0713
1 0.1932 0.3704 0.01615 0.06019
2 0.413 0.4213 0.01823 0.07593
1 0.351 0.4222 0.01875 0.0787
1 0.2406 0.6315 0.04792 0.05648
2 0.2922 0.2074 0.01094 0.03241
0 0.75 0.6861 0.009896 0.01852
1 0.08281 0.4602 0.02083 0.075
1 0.1682 0.6407 0.04219 0.112
1 0.08229 0.5361 0.02917 0.08981
1 0.7573 0.6981 0.03594 0.1
1 0.8823 0.5546 0.03438 0.08704
