1 0.8302 0.9167 0.0625 0.1648
1 0.5839 0.575 0.02448 0.1176
1 0.4073 0.5222 0.04271 0.1093
1 0.6443 0.7194 0.03594 0.1361
1 0.8203 0.4676 0.02135 0.1
1 0.7698 0.5435 0.03021 0.1037
1 0.6526 0.3898 0.02135 0.08611
1 0.4911 0.337 0.01875 0.07037
1 0.6802 0.4759 0.02865 0.09444
1 0.7281 0.3176 0.02396 0.06944
1 0.6182 0.2722 0.01823 0.05833
2 0.5833 0.3648 0.01927 0.07685
1 0.4313 0.3833 0.01823 0.08981
1 0.1766 0.462 0.02813 0.09537
2 0.1615 0.2472 0.01615 0.05556
0 0.175 0.487 0.006771 0.01111
1 0.00625 0.3926 0.01302 0.08704
