1 0.5245 0.7935 0.04844 0.1407
1 0.3849 0.625 0.02187 0.09352
1 0.5411 0.4444 0.02031 0.08333
1 0.199 0.4037 0.01823 0.07315
1 0.4031 0.5435 0.01823 0.09815
1 0.1542 0.7287 0.06823 0.1056
1 0.02396 0.5167 0.02031 0.09444
1 0.6109 0.5037 0.02187 0.09167
1 0.1484 0.5074 0.02656 0.09352
2 0.03646 0.5333 0.02552 0.09537
1 0.04063 0.7602 0.07344 0.1269
0 0.4177 0.7343 0.0151 0.01574
1 0.8026 0.7481 0.03385 0.1194
1 0.7672 0.5269 0.02187 0.09352
3 0.7896 0.3204 0.01771 0.06389
2 0.9854 0.6935 0.02865 0.1185
