1 0.6062 0.688 0.04375 0.1222
1 0.4073 0.5583 0.02448 0.09444
1 0.3026 0.6787 0.02813 0.1269
1 0.8703 0.4213 0.02448 0.09259
1 0.5516 0.3676 0.01823 0.075
1 0.6969 0.4898 0.02552 0.09444
1 0.5922 0.5972 0.03854 0.0537
1 0.3995 0.4917 0.01979 0.1
1 0.1844 0.3694 0.01719 0.075
1 0.9484 0.5019 0.03125 0.1
1 0.5766 0.4722 0.02604 0.1
2 0.4125 0.462 0.02344 0.08148
1 0.07969 0.4056 0.01615 0.075
1 0.2224 0.5565 0.03594 0.1139
2 0.09583 0.2074 0.01146 0.04444
0 0.3828 0.6102 0.007812 0.01296
1 0.4188 0.5306 0.02865 0.09907
1 0.07031 0.7481 0.0375 0.1343
1 0.7891 0.7111 0.0401 0.1111
1 0.9036 0.5343 0.02813 0.1
