1 0.6339 0.687 0.04583 0.1204
1 0.4271 0.5528 0.0276 0.09074
1 0.2943 0.6824 0.03229 0.1269
1 0.8729 0.4269 0.0224 0.08981
1 0.5599 0.3741 0.0224 0.07407
1 0.7031 0.4898 0.03229 0.09259
1 0.5901 0.5981 0.03802 0.05093
1 0.4115 0.4991 0.02187 0.09537
1 0.1953 0.375 0.01771 0.07407
1 0.9589 0.5074 0.02917 0.09722
1 0.5797 0.4769 0.02187 0.09722
2 0.4188 0.4556 0.02187 0.06204
1 0.0974 0.412 0.01615 0.075
1 0.2557 0.5611 0.03854 0.1111
2 0.1078 0.2139 0.01094 0.04259
0 0.3927 0.6 0.007812 0.01204
1 0.4344 0.5352 0.02865 0.09907
1 0.1057 0.7426 0.0401 0.1324
1 0.812 0.7065 0.03542 0.1056
1 0.9172 0.5324 0.03073 0.09907
