1 0.5161 0.6963 0.02917 0.1009
1 0.6375 0.5704 0.025 0.07315
1 0.1495 0.6315 0.02031 0.09815
1 0.8318 0.4583 0.01406 0.06204
1 0.6932 0.3861 0.01667 0.05741
1 0.5964 0.5769 0.02656 0.08333
1 0.3052 0.7065 0.03125 0.1074
1 0.4911 0.5065 0.0349 0.07593
1 0.1771 0.3843 0.0125 0.05648
1 0.8281 0.5028 0.02135 0.0787
1 0.5927 0.4296 0.01302 0.0713
1 0.2453 0.3741 0.0125 0.05093
2 0.4495 0.4713 0.01875 0.07407
1 0.4156 0.4648 0.0276 0.0713
1 0.2885 0.5787 0.03594 0.08333
2 0.2849 0.2657 0.009375 0.03241
0 0.4714 0.213 0.008854 0.01296
1 0.1417 0.4537 0.0224 0.06389
1 0.2229 0.6954 0.05417 0.09259
1 0.08073 0.6278 0.02292 0.1
1 0.7167 0.7583 0.03073 0.1157
1 0.8849 0.5935 0.03125 0.08426
