1 0.5302 0.6769 0.02292 0.1037
1 0.6271 0.5556 0.01823 0.07685
1 0.2526 0.6176 0.0224 0.08056
1 0.8578 0.4546 0.02344 0.07407
1 0.7422 0.3843 0.01302 0.05926
1 0.6302 0.575 0.02917 0.08611
1 0.3849 0.6463 0.01823 0.1056
1 0.5188 0.4991 0.02552 0.07778
1 0.2677 0.3731 0.0125 0.05741
1 0.8776 0.4991 0.02031 0.08056
1 0.6391 0.4222 0.01823 0.07037
1 0.3042 0.3741 0.0151 0.0463
2 0.4932 0.462 0.01667 0.07407
1 0.4443 0.4519 0.01615 0.07778
1 0.2849 0.5917 0.03333 0.08704
2 0.3578 0.2528 0.009375 0.03241
0 0.3563 0.3481 0.009896 0.01481
1 0.1828 0.4574 0.02135 0.0713
1 0.2651 0.638 0.0224 0.09352
1 0.2286 0.6148 0.0276 0.09907
1 0.7599 0.7241 0.02708 0.1102
1 0.9089 0.5907 0.02292 0.09352
