1 0.6302 0.5731 0.02396 0.112
1 0.3526 0.5111 0.03177 0.09722
1 0.6271 0.7333 0.03958 0.1324
1 0.862 0.4787 0.0224 0.1
1 0.7672 0.5481 0.02969 0.1009
1 0.7167 0.3963 0.02813 0.08611
1 0.4854 0.3435 0.0151 0.07222
1 0.7974 0.4843 0.03021 0.09537
1 0.8401 0.3269 0.03333 0.07593
1 0.6859 0.2769 0.01771 0.05926
2 0.6583 0.3759 0.0224 0.08148
1 0.487 0.3843 0.02135 0.08796
1 0.2125 0.4685 0.03229 0.09074
2 0.2026 0.2519 0.01406 0.05556
0 0.1969 0.513 0.006771 0.01111
1 0.05156 0.3889 0.02344 0.08796
