1 0.5552 0.7167 0.0401 0.09444
1 0.4891 0.5963 0.03125 0.09259
1 0.04427 0.4926 0.02135 0.09444
1 0.2401 0.588 0.0276 0.1
1 0.7969 0.4287 0.02135 0.08056
1 0.6547 0.3583 0.01667 0.06481
1 0.5458 0.575 0.03385 0.0963
1 0.4089 0.5843 0.02448 0.09537
1 0.4458 0.4602 0.01927 0.08611
1 0.2437 0.3481 0.01302 0.06019
1 0.8323 0.4648 0.02031 0.07963
1 0.587 0.388 0.01875 0.0713
1 0.2073 0.3722 0.01719 0.06019
2 0.4266 0.4259 0.01771 0.07685
1 0.363 0.4278 0.02135 0.07685
1 0.2526 0.6361 0.04792 0.05093
2 0.3057 0.2111 0.008854 0.03333
0 0.7385 0.6509 0.009375 0.01852
1 0.09375 0.4685 0.02396 0.07685
1 0.1844 0.6389 0.04375 0.1065
1 0.0974 0.537 0.025 0.09167
1 0.7536 0.7009 0.03698 0.09722
1 0.8885 0.5593 0.03385 0.09259
