1 0.6911 0.5704 0.01979 0.1037
1 0.3057 0.5204 0.03958 0.08796
1 0.5734 0.7556 0.04115 0.1296
1 0.9161 0.5037 0.01979 0.09444
1 0.7307 0.563 0.02708 0.09815
1 0.7458 0.4259 0.03021 0.07963
1 0.4839 0.3713 0.01875 0.06852
1 0.9542 0.5074 0.03073 0.0963
1 0.975 0.3639 0.03073 0.07407
1 0.7417 0.3074 0.01875 0.0537
2 0.7583 0.4046 0.01927 0.07963
1 0.562 0.4009 0.01771 0.08241
1 0.2635 0.4843 0.02656 0.09352
2 0.2729 0.2741 0.0125 0.05
0 0.2458 0.5222 0.006771 0.01111
1 0.1417 0.3963 0.02031 0.07685
1 0.1943 0.9667 0.03125 0.06389
