1 0.6734 0.6852 0.02656 0.1111
1 0.4557 0.5796 0.03125 0.05833
1 0.2125 0.7111 0.03333 0.1185
1 0.7964 0.4444 0.02344 0.08333
1 0.5073 0.3898 0.02135 0.06667
1 0.6635 0.4935 0.02031 0.08426
1 0.4802 0.5954 0.05 0.03981
1 0.4167 0.5074 0.03333 0.07685
1 0.1401 0.4019 0.0151 0.06944
1 0.8781 0.5139 0.0224 0.09074
1 0.4792 0.4824 0.02708 0.09352
2 0.3667 0.4981 0.01719 0.08889
1 0.07344 0.45 0.01406 0.0713
1 0.4271 0.6231 0.03698 0.1028
2 0.08125 0.2463 0.01302 0.03889
0 0.3937 0.5731 0.006771 0.01296
1 0.2958 0.5204 0.03333 0.08333
1 0.1818 0.7444 0.03385 0.1231
1 0.8635 0.7306 0.02813 0.1213
1 0.9208 0.5324 0.03073 0.09537
