1 0.6302 0.7741 0.03542 0.1111
1 0.6531 0.6556 0.0349 0.09167
1 0.1979 0.5954 0.02448 0.09074
1 0.9198 0.3824 0.01406 0.06111
1 0.6745 0.613 0.02708 0.07222
1 0.2406 0.7722 0.03385 0.1176
1 0.6604 0.4574 0.01823 0.07407
1 0.3453 0.3472 0.01042 0.05
1 0.8417 0.3852 0.01771 0.05833
1 0.5651 0.3222 0.0125 0.04167
2 0.6953 0.4454 0.01667 0.06667
1 0.5984 0.4185 0.01719 0.0713
1 0.3734 0.4926 0.02083 0.07963
2 0.4547 0.2537 0.008854 0.03241
0 0.5432 0.5889 0.01302 0.01389
1 0.2922 0.3639 0.01458 0.0537
1 0.3125 0.7139 0.02552 0.1167
1 0.1005 0.5907 0.0276 0.09537
1 0.6547 0.7843 0.03646 0.1074
