1 0.5333 0.6972 0.03594 0.08519
1 0.5599 0.5778 0.03125 0.08704
1 0.1 0.4926 0.02448 0.08796
1 0.3203 0.6046 0.02135 0.08889
1 0.8672 0.4519 0.02344 0.0787
1 0.7479 0.3806 0.01875 0.06481
1 0.6021 0.5852 0.0276 0.09444
1 0.4521 0.5972 0.0224 0.09167
1 0.5276 0.487 0.0224 0.08333
1 0.3224 0.3639 0.01302 0.06019
1 0.9042 0.4889 0.02552 0.08056
1 0.6719 0.4111 0.01771 0.07222
1 0.3047 0.3787 0.01667 0.05741
2 0.5094 0.4491 0.01458 0.07685
1 0.4391 0.4454 0.02135 0.075
1 0.3224 0.6037 0.03646 0.08056
2 0.3911 0.2343 0.008333 0.03426
0 0.5484 0.4194 0.01094 0.01574
1 0.1719 0.4787 0.02396 0.07963
1 0.2818 0.6167 0.02396 0.08611
1 0.2104 0.5509 0.02813 0.08704
1 0.7443 0.7019 0.03802 0.07963
1 0.9307 0.5861 0.02917 0.09259
