1 0.6214 0.7241 0.04063 0.1019
1 0.4422 0.6185 0.03333 0.1019
1 0.1057 0.6056 0.02969 0.09722
1 0.6771 0.4065 0.02344 0.07685
1 0.5135 0.3463 0.0151 0.06667
1 0.4854 0.5694 0.02865 0.09537
1 0.3135 0.5917 0.025 0.1019
1 0.3151 0.4481 0.0151 0.08426
1 0.1089 0.3528 0.01823 0.06389
1 0.7151 0.4472 0.02708 0.075
1 0.4474 0.3769 0.01927 0.0713
1 0.07292 0.3787 0.01719 0.06204
2 0.3182 0.4139 0.0276 0.06944
1 0.2385 0.4324 0.025 0.08056
1 0.08542 0.6222 0.02708 0.1074
2 0.1745 0.2046 0.007812 0.03611
0 0.8323 0.6241 0.01094 0.01574
1 0.02396 0.6944 0.0474 0.1222
1 0.7802 0.6889 0.04688 0.09722
1 0.8208 0.537 0.0375 0.08889
