1 0.6906 0.5704 0.01979 0.1046
1 0.3057 0.5213 0.0401 0.08796
1 0.574 0.7546 0.04167 0.1296
1 0.9161 0.5037 0.01979 0.09444
1 0.7318 0.563 0.02708 0.09815
1 0.7464 0.4259 0.03021 0.07963
1 0.4839 0.3713 0.01875 0.06852
1 0.9531 0.5065 0.03073 0.0963
1 0.974 0.363 0.03125 0.07407
1 0.7417 0.3074 0.01875 0.0537
2 0.7573 0.4037 0.01927 0.07963
1 0.5615 0.4009 0.01771 0.08241
1 0.263 0.4843 0.02708 0.09352
2 0.2724 0.275 0.0125 0.05093
0 0.2448 0.5222 0.006771 0.01111
1 0.1401 0.3963 0.01979 0.07685
1 0.1917 0.9685 0.03125 0.06204
