1 0.9427 0.9167 0.06667 0.1639
1 0.6115 0.5741 0.025 0.1148
1 0.3698 0.5139 0.02813 0.1056
1 0.6307 0.7296 0.05052 0.1333
1 0.8432 0.4741 0.02083 0.09815
1 0.7693 0.5463 0.03073 0.1037
1 0.6953 0.3944 0.0276 0.08519
1 0.4854 0.3389 0.01823 0.07037
1 0.7531 0.4787 0.03021 0.09815
1 0.7974 0.3222 0.02917 0.07593
1 0.6589 0.2694 0.0151 0.06019
2 0.6297 0.3704 0.0224 0.08241
1 0.4661 0.3815 0.01771 0.08796
1 0.1995 0.4639 0.02448 0.09352
2 0.1849 0.2491 0.01458 0.05556
0 0.1917 0.5028 0.006771 0.01111
1 0.03333 0.3889 0.02187 0.08796
