1 0.6422 0.687 0.04375 0.1194
1 0.4339 0.5528 0.03021 0.09074
1 0.2911 0.6861 0.03542 0.1278
1 0.8729 0.4296 0.0224 0.08981
1 0.563 0.3759 0.02396 0.07222
1 0.7052 0.4898 0.03177 0.09259
1 0.5896 0.5981 0.03802 0.05093
1 0.4151 0.5009 0.02187 0.09167
1 0.1995 0.3769 0.01927 0.07315
1 0.9604 0.5111 0.0276 0.0963
1 0.5813 0.4787 0.01771 0.0963
2 0.4208 0.4537 0.02135 0.05556
1 0.1026 0.4139 0.01615 0.075
1 0.2667 0.563 0.04063 0.1093
2 0.112 0.2148 0.01042 0.04167
0 0.3958 0.5963 0.007812 0.01204
1 0.4396 0.5352 0.02969 0.09722
1 0.1177 0.7398 0.03958 0.1333
1 0.8177 0.7046 0.03438 0.1056
1 0.9229 0.5306 0.03281 0.09907
