1 0.8844 0.7667 0.02604 0.1102
1 0.7656 0.6194 0.02292 0.08704
1 0.04948 0.4509 0.01667 0.06574
1 0.2417 0.5806 0.02083 0.07963
1 0.8922 0.6046 0.01927 0.09167
1 0.5109 0.6833 0.04115 0.0963
1 0.8057 0.462 0.01458 0.06574
1 0.4396 0.375 0.01146 0.05
1 0.7604 0.3509 0.01354 0.04259
2 0.8406 0.4667 0.01719 0.06944
1 0.7646 0.438 0.01406 0.06389
1 0.501 0.4824 0.01615 0.06481
2 0.551 0.2926 0.009375 0.03519
0 0.2203 0.2676 0.006771 0.009259
1 0.4193 0.375 0.01146 0.05093
1 0.3828 0.8648 0.03281 0.1241
1 0.1672 0.5926 0.02135 0.09074
3 0.07552 0.4019 0.01458 0.05741
1 0.9437 0.7972 0.03333 0.1148
