1 0.5516 0.7444 0.02552 0.1306
1 0.4266 0.6111 0.02865 0.09444
1 0.6214 0.4407 0.01979 0.07963
1 0.2891 0.3917 0.01719 0.07222
1 0.4854 0.5176 0.01823 0.08889
1 0.2865 0.6981 0.04219 0.1028
1 0.1552 0.4963 0.02187 0.08704
1 0.6885 0.4991 0.01979 0.08889
1 0.2526 0.4898 0.0224 0.08889
2 0.1427 0.5185 0.02187 0.09352
1 0.2938 0.6935 0.04896 0.1037
0 0.2911 0.6519 0.009896 0.01667
1 0.06302 0.5269 0.03177 0.09352
1 0.8156 0.737 0.03021 0.1213
1 0.8224 0.5269 0.02813 0.08889
3 0.863 0.3213 0.0151 0.06574
