1 0.5286 0.7083 0.04063 0.09074
1 0.5422 0.5861 0.03073 0.08889
1 0.09427 0.4935 0.02708 0.08889
1 0.3099 0.6037 0.02187 0.08981
1 0.8568 0.4528 0.02448 0.07778
1 0.7333 0.3806 0.0151 0.06481
1 0.5901 0.5907 0.02708 0.09444
1 0.45 0.5963 0.0224 0.09167
1 0.5141 0.4861 0.02344 0.08519
1 0.3104 0.3648 0.01302 0.06019
1 0.8938 0.487 0.02865 0.08148
1 0.6609 0.4102 0.01667 0.07222
1 0.2875 0.3787 0.01458 0.05741
2 0.4958 0.4463 0.01667 0.07778
1 0.426 0.4454 0.02135 0.07685
1 0.3146 0.6194 0.02865 0.05926
2 0.3771 0.2333 0.006771 0.03426
0 0.5844 0.4324 0.01094 0.01574
1 0.1583 0.4815 0.02292 0.08426
1 0.262 0.6241 0.02865 0.08704
1 0.187 0.5463 0.02344 0.08889
1 0.7448 0.7028 0.03906 0.08241
1 0.9208 0.5861 0.03385 0.09167
