1 0.5984 0.6824 0.02917 0.1148
1 0.4708 0.5778 0.02865 0.1056
1 0.06302 0.5546 0.03073 0.1111
1 0.4385 0.6435 0.02708 0.1157
1 0.9344 0.4259 0.02396 0.08704
1 0.6193 0.3657 0.01615 0.07037
1 0.7589 0.5028 0.0276 0.09167
1 0.6885 0.5963 0.04427 0.05648
1 0.4708 0.4648 0.01771 0.07037
1 0.2854 0.3667 0.01719 0.06852
1 0.9682 0.5056 0.02396 0.0963
1 0.6495 0.4583 0.02708 0.08611
2 0.4969 0.4685 0.0224 0.08796
1 0.1786 0.3861 0.01771 0.06481
1 0.2458 0.5389 0.02969 0.1056
2 0.1922 0.213 0.009375 0.04167
0 0.4688 0.6269 0.009896 0.01296
1 0.4703 0.5009 0.02708 0.09444
1 0.1214 0.7167 0.03802 0.1306
1 0.05 0.5009 0.02656 0.09537
1 0.7854 0.7407 0.03333 0.1176
1 0.9349 0.5556 0.02917 0.1019
