1 0.5807 0.6898 0.03698 0.1231
1 0.3917 0.5648 0.02604 0.1009
1 0.3063 0.6769 0.02604 0.1269
1 0.8661 0.4176 0.02604 0.09352
1 0.5453 0.3639 0.01719 0.07407
1 0.6922 0.4889 0.01875 0.0963
1 0.5932 0.5981 0.03958 0.05833
1 0.3906 0.4843 0.01823 0.09444
1 0.1766 0.3667 0.01875 0.075
1 0.9349 0.4991 0.02865 0.1
1 0.575 0.4667 0.02292 0.09815
2 0.4073 0.4657 0.02292 0.09259
1 0.06458 0.3991 0.01615 0.075
1 0.1938 0.5537 0.03542 0.113
2 0.08385 0.2019 0.01094 0.04537
0 0.374 0.6194 0.007812 0.01296
1 0.4062 0.5241 0.03125 0.09815
1 0.04167 0.7537 0.0349 0.1398
1 0.7651 0.7157 0.04271 0.1167
1 0.8948 0.5361 0.03073 0.1037
