1 0.8219 0.5861 0.02344 0.08241
1 0.1755 0.4426 0.02708 0.06204
1 0.2922 0.5546 0.02656 0.07407
1 0.9964 0.5741 0.00625 0.07685
1 0.6229 0.5935 0.02708 0.06944
1 0.8677 0.4546 0.01406 0.06389
1 0.5052 0.3815 0.009375 0.04722
1 0.85 0.35 0.01146 0.04259
2 0.9208 0.4565 0.01719 0.05926
1 0.8349 0.4333 0.0125 0.06019
1 0.5714 0.4639 0.01615 0.06389
2 0.5698 0.3028 0.01042 0.03426
0 0.1573 0.3287 0.005208 0.009259
1 0.4938 0.3722 0.009375 0.04537
1 0.4234 0.8657 0.03385 0.1343
1 0.1745 0.5778 0.02552 0.08796
3 0.1323 0.4167 0.02448 0.05556
