1 0.5198 0.6935 0.025 0.1
1 0.638 0.563 0.03073 0.07593
1 0.1786 0.6287 0.02031 0.09815
1 0.838 0.4574 0.01719 0.06852
1 0.7094 0.388 0.02135 0.05556
1 0.6109 0.5759 0.02031 0.08148
1 0.3245 0.688 0.02135 0.1065
1 0.5005 0.5028 0.01979 0.08241
1 0.2047 0.3806 0.01406 0.05741
1 0.8453 0.5028 0.02396 0.07778
1 0.6052 0.4296 0.01875 0.07037
1 0.2651 0.3778 0.01354 0.04815
2 0.4604 0.4704 0.01719 0.07407
1 0.424 0.4611 0.01823 0.075
1 0.2932 0.5833 0.03698 0.08704
2 0.3104 0.263 0.009375 0.03241
0 0.4422 0.2241 0.008333 0.01296
1 0.1568 0.4537 0.02187 0.06389
1 0.2385 0.6806 0.03229 0.09722
1 0.1151 0.6213 0.03073 0.0963
1 0.7333 0.7565 0.03281 0.1148
1 0.8964 0.5954 0.03594 0.08704
