1 0.5302 0.7037 0.03854 0.08796
1 0.549 0.5833 0.03073 0.08796
1 0.09635 0.4935 0.02604 0.08796
1 0.3135 0.6046 0.02135 0.08889
1 0.8609 0.4528 0.02396 0.07778
1 0.7396 0.3806 0.01667 0.06481
1 0.5948 0.5889 0.02708 0.09444
1 0.451 0.5963 0.0224 0.09167
1 0.5193 0.487 0.02292 0.08426
1 0.3151 0.3648 0.01302 0.06019
1 0.8974 0.488 0.0276 0.08148
1 0.6646 0.4111 0.01667 0.07222
1 0.2943 0.3787 0.01562 0.05741
2 0.5016 0.4472 0.01615 0.07778
1 0.4313 0.4463 0.02135 0.07685
1 0.3172 0.612 0.03177 0.06759
2 0.3828 0.2343 0.007292 0.03426
0 0.5703 0.4278 0.01094 0.01574
1 0.1635 0.4796 0.02344 0.08241
1 0.2693 0.6204 0.02708 0.08611
1 0.1958 0.5481 0.025 0.08796
1 0.7443 0.7028 0.03854 0.08148
1 0.9245 0.5861 0.03177 0.09259
