1 0.4969 0.7139 0.03333 0.1
1 0.6297 0.5787 0.02917 0.07222
1 0.08073 0.6389 0.02813 0.09444
1 0.8063 0.4602 0.02292 0.06667
1 0.6552 0.3824 0.01406 0.05741
1 0.5573 0.5722 0.02187 0.08426
1 0.2542 0.7463 0.03438 0.1204
1 0.4604 0.5083 0.02969 0.07685
1 0.1187 0.3833 0.01562 0.05648
1 0.7937 0.5009 0.01979 0.08056
1 0.5641 0.4278 0.02031 0.06944
1 0.2026 0.3741 0.01406 0.05278
2 0.4141 0.4722 0.01979 0.07222
1 0.3839 0.4676 0.02396 0.06944
1 0.2651 0.5722 0.03698 0.07315
2 0.2318 0.2648 0.01146 0.03333
0 0.5167 0.2278 0.008333 0.01389
1 0.09792 0.4509 0.02656 0.06019
1 0.1745 0.7213 0.04531 0.0963
1 0.676 0.7787 0.03177 0.1213
1 0.8406 0.5815 0.03542 0.08056
