1 0.5427 0.6704 0.02552 0.1102
1 0.6057 0.5537 0.02187 0.08519
1 0.06927 0.4833 0.02448 0.08241
1 0.3172 0.6074 0.01979 0.08148
1 0.8792 0.4509 0.02187 0.0787
1 0.7698 0.3787 0.01562 0.06111
1 0.6229 0.5731 0.02083 0.08704
1 0.4443 0.6065 0.02552 0.09537
1 0.5391 0.488 0.01927 0.08611
1 0.3224 0.363 0.01094 0.05741
1 0.9094 0.4907 0.02344 0.08056
1 0.6745 0.4148 0.01875 0.07315
1 0.3302 0.3704 0.01458 0.05556
2 0.5229 0.4509 0.01406 0.07407
1 0.4625 0.4398 0.01771 0.0787
1 0.3052 0.5639 0.03958 0.05741
2 0.3995 0.238 0.008333 0.03426
0 0.3797 0.4528 0.01094 0.01667
1 0.199 0.463 0.01771 0.075
1 0.3016 0.6204 0.02083 0.07315
1 0.2625 0.5602 0.02552 0.09352
1 0.7589 0.6907 0.02552 0.1009
1 0.9328 0.5852 0.0224 0.09815
