1 0.537 0.6907 0.03333 0.08148
1 0.5708 0.5722 0.03177 0.08519
1 0.1036 0.4907 0.0224 0.08704
1 0.3271 0.6046 0.02083 0.08889
1 0.8745 0.4528 0.02292 0.07963
1 0.7562 0.3815 0.02083 0.06481
1 0.6099 0.5815 0.02813 0.09444
1 0.4536 0.5981 0.0224 0.09259
1 0.5359 0.487 0.0224 0.08241
1 0.3297 0.3639 0.01302 0.06019
1 0.9109 0.4889 0.02396 0.07963
1 0.6786 0.413 0.01823 0.07315
1 0.3151 0.3787 0.01771 0.05741
2 0.5177 0.45 0.01354 0.07685
1 0.4469 0.4463 0.02135 0.07407
1 0.3276 0.5935 0.04167 0.09352
2 0.4 0.2352 0.009375 0.03426
0 0.5266 0.4111 0.01094 0.01574
1 0.1797 0.4787 0.02396 0.07685
1 0.2938 0.613 0.02135 0.08611
1 0.2245 0.5528 0.03125 0.08519
1 0.7448 0.7009 0.0375 0.07778
1 0.9359 0.5852 0.02604 0.09352
