1 0.8146 0.5907 0.02344 0.08426
1 0.1542 0.4398 0.02292 0.06204
1 0.2812 0.5565 0.02344 0.06481
1 0.9859 0.5787 0.01823 0.08056
1 0.6104 0.6009 0.01771 0.07315
1 0.863 0.4537 0.01302 0.06574
1 0.4953 0.3796 0.01094 0.05093
1 0.8417 0.3491 0.01198 0.04167
2 0.913 0.4583 0.01719 0.06204
1 0.8286 0.4333 0.01406 0.06111
1 0.5594 0.4657 0.01458 0.05926
2 0.5698 0.3009 0.008333 0.03241
0 0.1635 0.2954 0.005208 0.009259
1 0.4844 0.3704 0.01042 0.04722
1 0.4167 0.8593 0.03073 0.1343
1 0.1698 0.5769 0.02344 0.08796
3 0.1234 0.4111 0.01719 0.06111
