1 0.8656 0.5954 0.0224 0.08333
1 0.2719 0.4648 0.02865 0.06019
1 0.2974 0.5833 0.02083 0.0787
1 0.676 0.5796 0.02187 0.06667
1 0.8323 0.4648 0.01302 0.06667
1 0.5208 0.4102 0.01094 0.05093
1 0.8557 0.3694 0.01042 0.04167
2 0.962 0.475 0.02813 0.06296
1 0.8318 0.4509 0.01823 0.05833
1 0.6115 0.4824 0.0224 0.06481
2 0.5323 0.3324 0.01042 0.03056
0 0.1245 0.4722 0.004687 0.006481
1 0.5099 0.3954 0.007812 0.0463
1 0.4354 0.8769 0.04219 0.1241
1 0.1693 0.5852 0.02187 0.08889
3 0.1302 0.4444 0.02344 0.04815
