1 0.5307 0.6759 0.02604 0.1037
1 0.6245 0.5546 0.01719 0.07778
1 0.2583 0.6148 0.02187 0.07685
1 0.8578 0.4546 0.025 0.07407
1 0.7448 0.3843 0.0125 0.05926
1 0.6307 0.575 0.03021 0.08611
1 0.3885 0.6426 0.01719 0.1037
1 0.5198 0.4981 0.02344 0.07778
1 0.2693 0.3731 0.01302 0.05741
1 0.8802 0.4991 0.02187 0.08056
1 0.6422 0.4222 0.01823 0.07037
1 0.3073 0.375 0.0151 0.04722
2 0.4953 0.462 0.0151 0.07407
1 0.4453 0.4509 0.01667 0.07778
1 0.2844 0.5917 0.03854 0.08796
2 0.362 0.2519 0.009375 0.03241
0 0.3542 0.3537 0.009896 0.01574
1 0.1844 0.4593 0.02083 0.07222
1 0.2667 0.6352 0.02187 0.09352
1 0.2323 0.6139 0.0276 0.1
1 0.7609 0.725 0.02969 0.1102
1 0.9104 0.5907 0.02031 0.09352
