1 0.6453 0.7704 0.0349 0.1083
1 0.6641 0.65 0.03281 0.09352
1 0.2021 0.5944 0.0224 0.09074
1 0.9333 0.3852 0.01406 0.06111
1 0.6896 0.6167 0.02865 0.08333
1 0.2505 0.7704 0.0375 0.1157
1 0.6724 0.4574 0.01719 0.07593
1 0.3536 0.3491 0.009375 0.05
1 0.8542 0.387 0.01771 0.05833
1 0.5797 0.3241 0.01198 0.04167
2 0.7073 0.4463 0.01615 0.06759
1 0.612 0.4204 0.0151 0.07222
1 0.3844 0.4917 0.02083 0.07963
2 0.4635 0.2565 0.008854 0.03241
0 0.5135 0.5898 0.01406 0.01389
1 0.3021 0.3639 0.01302 0.05463
1 0.3198 0.713 0.02292 0.1213
1 0.1083 0.5907 0.0276 0.09537
1 0.6677 0.7852 0.03646 0.1102
