1 0.6115 0.6704 0.03438 0.112
1 0.5005 0.5759 0.0276 0.1019
1 0.1089 0.5463 0.02396 0.1028
1 0.4724 0.638 0.02187 0.1102
1 0.9406 0.4324 0.01979 0.08426
1 0.6385 0.3722 0.01562 0.06852
1 0.7729 0.5065 0.02865 0.09074
1 0.7057 0.5898 0.04115 0.05648
1 0.499 0.4796 0.02083 0.08889
1 0.3229 0.3694 0.0151 0.06481
1 0.9677 0.5074 0.02813 0.09537
1 0.6667 0.463 0.025 0.08333
1 0.0974 0.4889 0.02031 0.08056
2 0.5219 0.4685 0.02083 0.08333
1 0.224 0.3861 0.01771 0.06111
1 0.2823 0.5352 0.02604 0.1009
2 0.2484 0.2315 0.008854 0.03981
0 0.4953 0.6222 0.009896 0.01296
1 0.4917 0.4972 0.02344 0.08889
1 0.1672 0.7 0.04271 0.1194
1 0.02396 0.5741 0.03281 0.113
1 0.7896 0.737 0.03802 0.1157
1 0.9354 0.5602 0.02292 0.09444
