1 0.6281 0.6917 0.03073 0.1167
1 0.4432 0.575 0.03281 0.08519
1 0.1318 0.7287 0.03073 0.1222
1 0.7375 0.4389 0.01979 0.07963
1 0.4391 0.3833 0.01979 0.06667
1 0.6062 0.4889 0.01771 0.08519
1 0.4328 0.6 0.04375 0.04074
1 0.3615 0.4898 0.02917 0.0713
1 0.05312 0.4083 0.01927 0.07315
1 0.8125 0.5056 0.01927 0.08889
1 0.4125 0.4824 0.02656 0.0787
2 0.3016 0.5019 0.01927 0.08796
1 0.4307 0.637 0.04063 0.1009
2 0.008854 0.2444 0.01094 0.03889
0 0.4036 0.5926 0.006771 0.01296
1 0.2193 0.5185 0.02031 0.08426
1 0.1167 0.7694 0.03438 0.1287
1 0.8307 0.7352 0.03594 0.125
1 0.8802 0.5259 0.02344 0.08704
