1 0.8099 0.7667 0.02448 0.1157
1 0.7406 0.6278 0.0276 0.0963
1 0.0125 0.4454 0.01354 0.06481
1 0.2276 0.5815 0.02083 0.08148
1 0.8359 0.6074 0.0224 0.08889
1 0.4245 0.712 0.03021 0.1028
1 0.7635 0.4556 0.0151 0.06667
1 0.4094 0.363 0.01146 0.04907
1 0.9698 0.4083 0.01667 0.06111
1 0.7031 0.3407 0.01302 0.04259
2 0.799 0.4574 0.01615 0.06944
1 0.7193 0.4324 0.01406 0.06667
1 0.4682 0.4815 0.01615 0.075
2 0.525 0.2778 0.008333 0.03426
0 0.2615 0.3852 0.007292 0.01481
1 0.3818 0.3676 0.0125 0.05185
1 0.3615 0.8176 0.03594 0.1167
1 0.1536 0.5917 0.02031 0.09167
3 0.05 0.388 0.01406 0.05741
1 0.8474 0.7889 0.03958 0.1185
