1 0.5255 0.7815 0.0474 0.1176
1 0.5896 0.675 0.04479 0.09907
1 0.1328 0.5991 0.02865 0.09537
1 0.9 0.4278 0.0276 0.06759
1 0.7943 0.3611 0.01979 0.05648
1 0.5646 0.6194 0.03854 0.08241
1 0.1531 0.7759 0.04792 0.1148
1 0.5594 0.4537 0.02344 0.07407
1 0.2604 0.337 0.01198 0.05093
1 0.9292 0.4528 0.025 0.06852
1 0.7323 0.3676 0.02187 0.05278
1 0.4417 0.313 0.01615 0.04074
2 0.5849 0.4315 0.01875 0.06759
1 0.4818 0.4102 0.02344 0.06667
1 0.2854 0.4972 0.02292 0.08056
2 0.363 0.2389 0.006771 0.02778
0 0.6703 0.6519 0.009375 0.01389
1 0.1943 0.3676 0.01771 0.05556
1 0.2396 0.6926 0.02656 0.1019
1 0.01615 0.5981 0.03073 0.09259
1 0.5781 0.762 0.04167 0.1019
1 0.9568 0.5194 0.0276 0.06481
