1 0.8932 0.5963 0.02604 0.08426
1 0.3422 0.4824 0.02656 0.06852
1 0.3292 0.6204 0.02187 0.08241
1 0.7375 0.5796 0.0151 0.075
1 0.7797 0.4657 0.01406 0.06852
1 0.5073 0.4259 0.01562 0.05556
1 0.8391 0.3713 0.0125 0.04074
2 0.9958 0.4815 0.007812 0.06667
1 0.8047 0.4537 0.01667 0.06574
1 0.6099 0.4852 0.01719 0.06296
2 0.5036 0.3398 0.007812 0.03611
0 0.125 0.4806 0.005208 0.007407
1 0.4964 0.4139 0.01406 0.05185
1 0.4443 0.9 0.04063 0.1324
1 0.1464 0.5759 0.02396 0.08426
3 0.07917 0.4565 0.01979 0.05926
