1 0.8833 0.5907 0.025 0.08333
1 0.3464 0.4806 0.0224 0.06574
1 0.3422 0.6352 0.0276 0.08796
1 0.7422 0.5778 0.02708 0.07222
1 0.7474 0.4602 0.01771 0.06574
1 0.4865 0.4269 0.01771 0.05648
1 0.8198 0.3639 0.01094 0.04259
2 0.9891 0.4787 0.01927 0.06481
1 0.7771 0.45 0.01667 0.06481
1 0.5833 0.4806 0.01979 0.06481
2 0.4786 0.337 0.01198 0.03611
0 0.1333 0.4806 0.005208 0.007407
1 0.4667 0.4176 0.01302 0.05463
1 0.4391 0.9093 0.02917 0.1352
1 0.1109 0.5713 0.02083 0.08426
3 0.02448 0.4528 0.01771 0.06296
