1 0.9698 0.9194 0.05885 0.1593
1 0.6182 0.575 0.025 0.1139
1 0.3625 0.512 0.02656 0.1037
1 0.6302 0.7315 0.05052 0.1315
1 0.85 0.4769 0.02135 0.09722
1 0.7693 0.5454 0.03125 0.1056
1 0.7052 0.3972 0.03021 0.08426
1 0.4854 0.3389 0.01719 0.07222
1 0.7688 0.4787 0.03594 0.09722
1 0.8151 0.3222 0.03281 0.075
1 0.6703 0.2722 0.01667 0.06111
2 0.6401 0.3722 0.02292 0.08426
1 0.4745 0.3824 0.01823 0.08796
1 0.2042 0.4648 0.02552 0.09352
2 0.1917 0.25 0.01406 0.05556
0 0.1948 0.5093 0.006771 0.01111
1 0.0401 0.388 0.02187 0.08704
