1 0.5708 0.6917 0.03802 0.1213
1 0.387 0.5685 0.02604 0.1037
1 0.3068 0.6731 0.02344 0.1269
1 0.8667 0.4167 0.025 0.09259
1 0.5432 0.362 0.01927 0.07593
1 0.6896 0.4898 0.02396 0.0963
1 0.5938 0.5981 0.03958 0.05926
1 0.3854 0.4815 0.01927 0.08889
1 0.1724 0.3648 0.01719 0.07593
1 0.9292 0.4991 0.02708 0.1
1 0.575 0.4667 0.02396 0.0963
2 0.4036 0.4639 0.02187 0.09074
1 0.05833 0.3963 0.01615 0.075
1 0.1818 0.5528 0.03385 0.112
2 0.08021 0.2 0.01094 0.04537
0 0.3714 0.6222 0.007812 0.01296
1 0.401 0.5204 0.03125 0.1009
1 0.03177 0.7556 0.03958 0.1407
1 0.7562 0.7194 0.03958 0.1148
1 0.8885 0.5352 0.03177 0.1046
