1 0.5865 0.8954 0.05729 0.1491
1 0.5115 0.5778 0.02396 0.1157
1 0.4714 0.5583 0.04375 0.1083
1 0.6542 0.7102 0.04635 0.1306
1 0.9073 0.3269 0.01667 0.075
1 0.7948 0.4639 0.03542 0.09352
1 0.7458 0.5574 0.04323 0.06019
1 0.5599 0.3889 0.02083 0.07778
1 0.5016 0.3333 0.02604 0.06296
1 0.5453 0.4657 0.02552 0.09537
1 0.5677 0.313 0.0276 0.06019
1 0.5156 0.2731 0.01406 0.05463
2 0.4901 0.3583 0.01927 0.07315
1 0.3547 0.3861 0.01615 0.08704
1 0.138 0.462 0.01458 0.1009
2 0.112 0.2519 0.01406 0.05556
0 0.2818 0.4954 0.01198 0.01019
