1 0.5062 0.7046 0.02656 0.1009
1 0.637 0.5722 0.03021 0.0713
1 0.1135 0.637 0.02813 0.09444
1 0.8198 0.4602 0.01979 0.06574
1 0.6745 0.3843 0.01458 0.05741
1 0.5781 0.5722 0.02187 0.08611
1 0.2797 0.7241 0.02292 0.1148
1 0.4766 0.5074 0.03177 0.075
1 0.1469 0.3824 0.0125 0.05648
1 0.8125 0.5028 0.02031 0.07963
1 0.5792 0.4296 0.01823 0.07037
1 0.2234 0.375 0.01406 0.05185
2 0.4323 0.4731 0.01979 0.07315
1 0.4005 0.4667 0.02396 0.07037
1 0.2792 0.5741 0.03229 0.06852
2 0.2583 0.2657 0.01042 0.03333
0 0.4917 0.212 0.008854 0.01296
1 0.1214 0.4528 0.02396 0.06019
1 0.201 0.7056 0.04948 0.09352
1 0.03333 0.6287 0.02969 0.09815
1 0.6979 0.7741 0.03073 0.1185
1 0.8667 0.587 0.03333 0.07963
