1 0.7453 0.7463 0.04167 0.1074
1 0.401 0.6833 0.03333 0.1083
1 0.5193 0.413 0.02552 0.07037
1 0.2807 0.3731 0.01615 0.06944
1 0.3943 0.5815 0.03177 0.1019
1 0.1276 0.6667 0.02604 0.1093
1 0.1109 0.4759 0.02656 0.08611
1 0.5625 0.4565 0.01979 0.08148
1 0.2135 0.4139 0.01927 0.07685
2 0.1536 0.4491 0.02292 0.08148
1 0.008854 0.475 0.01771 0.08704
0 0.8484 0.7139 0.009375 0.01574
1 0.8286 0.7157 0.025 0.1019
1 0.7271 0.525 0.02865 0.08796
3 0.9177 0.3157 0.01771 0.06204
2 0.9839 0.763 0.03125 0.1306
