1 0.8026 0.7667 0.02448 0.1167
1 0.738 0.6287 0.0276 0.0963
1 0.009896 0.4435 0.0125 0.06481
1 0.2266 0.5815 0.02083 0.08241
1 0.8297 0.6074 0.02292 0.08889
1 0.4146 0.7139 0.02969 0.1028
1 0.7594 0.4556 0.0151 0.06759
1 0.4062 0.362 0.01146 0.04907
1 0.9646 0.4065 0.01667 0.06111
1 0.6974 0.3398 0.01302 0.04259
2 0.7948 0.4574 0.01615 0.06944
1 0.7146 0.4315 0.01406 0.06667
1 0.4646 0.4815 0.01667 0.075
2 0.5224 0.2769 0.008333 0.03426
0 0.2667 0.4019 0.007812 0.01481
1 0.3781 0.3676 0.0125 0.05185
1 0.3599 0.8111 0.0349 0.113
1 0.1516 0.5917 0.02083 0.09259
3 0.0474 0.387 0.01406 0.05741
1 0.8385 0.788 0.03906 0.1185
