1 0.4453 0.7444 0.03542 0.112
1 0.5974 0.6046 0.03333 0.0787
1 0.7354 0.4444 0.01719 0.06944
1 0.5917 0.3713 0.01094 0.05648
1 0.4813 0.5861 0.0224 0.09074
1 0.1182 0.7852 0.03542 0.1241
1 0.4005 0.4981 0.01875 0.0787
1 0.03594 0.3843 0.01406 0.05741
1 0.7333 0.4898 0.01927 0.0713
1 0.5125 0.4102 0.01406 0.06574
1 0.1542 0.3648 0.01302 0.04907
2 0.3635 0.4657 0.01615 0.075
1 0.3104 0.4519 0.01615 0.075
1 0.1698 0.5546 0.0349 0.08704
2 0.1526 0.2657 0.009896 0.03333
0 0.6609 0.4389 0.009896 0.01759
1 0.009896 0.4352 0.01927 0.06574
1 0.0349 0.7648 0.03542 0.1139
1 0.5682 0.7787 0.03021 0.1204
1 0.7432 0.5565 0.02969 0.08704
