1 0.65 0.7278 0.04688 0.1111
1 0.4292 0.6352 0.025 0.1046
1 0.03594 0.625 0.02604 0.1093
1 0.6302 0.4046 0.02448 0.07222
1 0.4536 0.3491 0.0151 0.06574
1 0.4625 0.5667 0.0349 0.09815
1 0.2698 0.6009 0.02187 0.1046
1 0.2646 0.4481 0.02448 0.08148
1 0.03958 0.363 0.01354 0.06481
1 0.6771 0.4444 0.025 0.075
1 0.388 0.3843 0.01823 0.07315
1 0.01042 0.3907 0.02031 0.06204
2 0.2812 0.4213 0.02083 0.07407
1 0.1818 0.438 0.02135 0.08333
2 0.1172 0.2083 0.01094 0.03519
0 0.85 0.6528 0.009375 0.01574
1 0.799 0.6926 0.04427 0.1028
1 0.7958 0.5269 0.03438 0.08796
