1 0.7078 0.7407 0.03229 0.1204
1 0.4089 0.6639 0.04427 0.1093
1 0.5573 0.4093 0.02396 0.07037
1 0.3583 0.362 0.02031 0.06944
1 0.4229 0.5778 0.02813 0.09815
1 0.1917 0.637 0.03073 0.1046
1 0.1776 0.4648 0.02448 0.08704
1 0.6089 0.4509 0.025 0.08056
1 0.2911 0.3991 0.01927 0.075
2 0.2083 0.4361 0.02396 0.08056
1 0.08906 0.4602 0.025 0.08611
2 0.005208 0.2259 0.01094 0.03889
0 0.8589 0.7417 0.009375 0.01574
1 0.8276 0.712 0.03958 0.09907
1 0.7562 0.5296 0.025 0.08796
3 0.988 0.3148 0.02135 0.06019
2 0.9917 0.8287 0.01458 0.04074
