1 0.6896 0.5722 0.02031 0.1056
1 0.3094 0.5157 0.02813 0.08519
1 0.5828 0.7519 0.03385 0.1194
1 0.9167 0.5009 0.01979 0.09537
1 0.738 0.5639 0.02708 0.09259
1 0.75 0.4259 0.02813 0.07963
1 0.4859 0.3722 0.01458 0.06944
1 0.9458 0.5074 0.025 0.09537
1 0.9693 0.3602 0.02396 0.07407
1 0.7427 0.3056 0.01719 0.0537
2 0.7552 0.4028 0.01771 0.07778
1 0.5594 0.4 0.01771 0.08241
1 0.2604 0.487 0.02552 0.09167
2 0.2703 0.2731 0.01354 0.05
0 0.2437 0.5241 0.006771 0.01111
1 0.137 0.3963 0.02031 0.07778
1 0.1766 0.9685 0.03281 0.06111
