1 0.6125 0.6435 0.02969 0.09907
1 0.5516 0.5574 0.01771 0.08981
1 0.2229 0.5176 0.01927 0.08704
1 0.5552 0.6046 0.02031 0.08611
1 0.9234 0.4389 0.02187 0.0713
1 0.6667 0.3787 0.01667 0.05926
1 0.7833 0.5046 0.02187 0.07963
1 0.7349 0.5759 0.02969 0.0537
1 0.5474 0.4583 0.0151 0.07407
1 0.4052 0.3759 0.01146 0.05833
1 0.9349 0.5056 0.02396 0.08056
1 0.6901 0.4546 0.01615 0.07593
1 0.2172 0.4667 0.01302 0.07037
2 0.5719 0.4694 0.02083 0.07222
1 0.3224 0.387 0.0151 0.0537
1 0.3448 0.5176 0.02292 0.08241
2 0.3432 0.2583 0.007292 0.03519
0 0.6484 0.612 0.009896 0.01296
1 0.5307 0.475 0.02083 0.07593
1 0.2505 0.6481 0.02344 0.09907
1 0.1464 0.5444 0.01771 0.09167
1 0.7708 0.7194 0.02292 0.1019
1 0.912 0.5574 0.02396 0.08056
