1 0.7125 0.7417 0.04375 0.1194
1 0.4073 0.6676 0.04688 0.1093
1 0.549 0.4111 0.02187 0.06944
1 0.3375 0.3657 0.02031 0.0713
1 0.413 0.5796 0.03229 0.09815
1 0.1755 0.6454 0.03438 0.1037
1 0.1583 0.4685 0.025 0.08611
1 0.5964 0.4528 0.02708 0.07963
1 0.2708 0.4037 0.01615 0.07685
2 0.1938 0.4389 0.02292 0.08148
1 0.06875 0.4657 0.02292 0.08704
0 0.8562 0.725 0.009375 0.01574
1 0.8359 0.7148 0.03281 0.1009
1 0.7479 0.5269 0.03229 0.09074
3 0.976 0.3167 0.02448 0.05926
2 0.9917 0.7981 0.0151 0.113
