1 0.7505 0.7444 0.04479 0.1056
1 0.4 0.6861 0.03229 0.1074
1 0.5146 0.412 0.02865 0.0713
1 0.2698 0.3741 0.01927 0.06944
1 0.3906 0.5815 0.02813 0.1037
1 0.1193 0.6713 0.02917 0.1093
1 0.101 0.4769 0.02187 0.08704
1 0.5557 0.4574 0.01979 0.07963
1 0.2031 0.4148 0.01823 0.07685
2 0.1464 0.4491 0.02708 0.08148
1 0.008854 0.475 0.01771 0.08704
0 0.8464 0.7194 0.009375 0.01574
1 0.8286 0.712 0.02448 0.1019
1 0.7219 0.5241 0.03021 0.08796
3 0.9068 0.3148 0.01615 0.06111
2 0.9812 0.7574 0.03646 0.1306
