1 0.5323 0.7 0.0375 0.08611
1 0.5547 0.5815 0.03125 0.08796
1 0.09792 0.4926 0.025 0.08796
1 0.3172 0.6046 0.02135 0.08889
1 0.8646 0.4519 0.02396 0.0787
1 0.7438 0.3806 0.01771 0.06481
1 0.5984 0.587 0.0276 0.09444
1 0.4516 0.5972 0.0224 0.09167
1 0.5234 0.487 0.02292 0.08426
1 0.3187 0.3648 0.01302 0.06019
1 0.901 0.488 0.02656 0.08056
1 0.6682 0.4111 0.01719 0.07222
1 0.2995 0.3787 0.01615 0.05741
2 0.5057 0.4481 0.01562 0.07778
1 0.4354 0.4454 0.02135 0.07593
1 0.3203 0.6083 0.03438 0.07407
2 0.3875 0.2343 0.007812 0.03426
0 0.5594 0.4231 0.01094 0.01574
1 0.1672 0.4796 0.02344 0.08056
1 0.275 0.6185 0.02552 0.08611
1 0.2036 0.5491 0.02656 0.08704
1 0.7448 0.7028 0.03854 0.08056
1 0.9281 0.5861 0.03073 0.09259
