1 0.6141 0.8991 0.05885 0.1509
1 0.5193 0.5769 0.02396 0.1148
1 0.4599 0.5537 0.04375 0.1102
1 0.6547 0.7102 0.04115 0.1343
1 0.9177 0.325 0.01927 0.075
1 0.7974 0.462 0.02708 0.09722
1 0.7479 0.5556 0.0401 0.06852
1 0.5672 0.3889 0.02344 0.0787
1 0.4995 0.3315 0.02448 0.06296
1 0.5557 0.4667 0.02813 0.09352
1 0.5854 0.312 0.02969 0.06204
1 0.5266 0.2731 0.01562 0.05463
2 0.5 0.3574 0.01719 0.075
1 0.362 0.3861 0.01823 0.08611
1 0.1417 0.4602 0.01927 0.09815
2 0.1167 0.2509 0.01406 0.05556
0 0.2443 0.4935 0.01146 0.01019
