1 0.5625 0.713 0.04271 0.09259
1 0.4807 0.5963 0.03333 0.09815
1 0.03281 0.4898 0.02135 0.0963
1 0.2245 0.5843 0.02813 0.1
1 0.7828 0.4222 0.02135 0.08056
1 0.638 0.3528 0.01667 0.06481
1 0.5385 0.5704 0.03542 0.0963
1 0.3984 0.5796 0.02865 0.09259
1 0.4302 0.4546 0.01823 0.08611
1 0.2286 0.3444 0.01302 0.06019
1 0.8177 0.4583 0.01927 0.07778
1 0.5708 0.3824 0.01875 0.0713
1 0.1922 0.3694 0.01615 0.06019
2 0.4115 0.4213 0.01823 0.07593
1 0.35 0.4222 0.01875 0.0787
1 0.2391 0.6315 0.04792 0.05741
2 0.2906 0.2065 0.01042 0.03333
0 0.7583 0.713 0.009896 0.01944
1 0.08177 0.4611 0.02083 0.07593
1 0.1667 0.6407 0.04219 0.112
1 0.08073 0.5361 0.02917 0.08981
1 0.7573 0.6972 0.03594 0.1009
1 0.8812 0.5537 0.03438 0.08704
