1 0.8255 0.587 0.0224 0.08241
1 0.1807 0.4435 0.02448 0.06204
1 0.2927 0.5556 0.025 0.07593
1 0.6255 0.5917 0.02448 0.06944
1 0.8672 0.4546 0.01406 0.06481
1 0.5068 0.3824 0.009375 0.04815
1 0.8505 0.3519 0.01094 0.04259
2 0.9229 0.4574 0.01875 0.06019
1 0.8354 0.4352 0.0125 0.05833
1 0.5729 0.4648 0.01719 0.06389
2 0.5687 0.3046 0.009896 0.03426
0 0.1542 0.3407 0.005208 0.009259
1 0.4948 0.3731 0.01042 0.04444
1 0.4245 0.8657 0.03385 0.1333
1 0.1729 0.5778 0.02344 0.08704
3 0.1333 0.4194 0.02448 0.05463
