1 0.6354 0.9 0.06042 0.1528
1 0.525 0.5759 0.02396 0.1139
1 0.4542 0.55 0.04323 0.1111
1 0.6547 0.7102 0.0375 0.137
1 0.9255 0.3241 0.02083 0.075
1 0.799 0.4602 0.02031 0.1
1 0.7505 0.5537 0.0375 0.07407
1 0.5734 0.3889 0.02604 0.0787
1 0.4974 0.3306 0.02344 0.06296
1 0.5635 0.4694 0.03021 0.09167
1 0.599 0.3102 0.03073 0.06296
1 0.5349 0.2731 0.01667 0.05463
2 0.5078 0.3574 0.01562 0.07685
1 0.3672 0.387 0.01979 0.08519
1 0.1453 0.4593 0.02292 0.0963
2 0.1198 0.25 0.01406 0.05556
0 0.2193 0.4935 0.01094 0.01019
