1 0.5437 0.6741 0.02865 0.1019
1 0.6005 0.5602 0.02448 0.08241
1 0.0849 0.4833 0.02031 0.08333
1 0.324 0.612 0.01875 0.07315
1 0.8797 0.4528 0.02344 0.075
1 0.7708 0.3796 0.01354 0.06111
1 0.6208 0.5787 0.02396 0.08796
1 0.4521 0.6037 0.02344 0.09444
1 0.5432 0.4907 0.02187 0.08333
1 0.3302 0.362 0.01094 0.05741
1 0.9141 0.4898 0.02292 0.08148
1 0.6807 0.4139 0.01875 0.07315
1 0.3312 0.3713 0.0125 0.05648
2 0.5266 0.45 0.01562 0.07593
1 0.4594 0.4426 0.01875 0.07685
1 0.3187 0.5713 0.04323 0.075
2 0.4047 0.238 0.009375 0.03426
0 0.4208 0.4333 0.01094 0.01667
1 0.1979 0.4667 0.02187 0.075
1 0.3063 0.6157 0.02292 0.07593
1 0.2562 0.5574 0.025 0.08981
1 0.7552 0.6935 0.02813 0.08889
1 0.9365 0.5861 0.0224 0.09444
