1 0.6719 0.7324 0.04896 0.1176
1 0.4203 0.6454 0.03177 0.1093
1 0.0125 0.6407 0.025 0.1074
1 0.6042 0.4019 0.02552 0.07407
1 0.4208 0.3519 0.01562 0.06759
1 0.4484 0.5685 0.02969 0.09907
1 0.2443 0.6139 0.02917 0.1056
1 0.2323 0.4528 0.02552 0.08056
1 0.01042 0.3639 0.02135 0.06481
1 0.6542 0.4454 0.02083 0.07593
1 0.3542 0.387 0.01667 0.07407
2 0.2568 0.4241 0.01823 0.075
1 0.1521 0.4435 0.02187 0.08426
2 0.07917 0.2083 0.01094 0.03889
0 0.8589 0.7028 0.009375 0.01574
1 0.8141 0.6991 0.0526 0.1028
1 0.7844 0.5259 0.02969 0.08796
