1 0.5536 0.7185 0.03958 0.09537
1 0.4917 0.5954 0.03021 0.08981
1 0.04844 0.4935 0.02187 0.09352
1 0.2453 0.5898 0.0276 0.1
1 0.8016 0.4306 0.02135 0.08056
1 0.6604 0.3602 0.01667 0.06481
1 0.549 0.5769 0.03281 0.0963
1 0.412 0.5861 0.02292 0.0963
1 0.451 0.463 0.01927 0.08611
1 0.2484 0.35 0.01302 0.06019
1 0.8365 0.4676 0.02083 0.08056
1 0.5922 0.3907 0.01875 0.0713
1 0.2125 0.3722 0.01719 0.06019
2 0.4313 0.4269 0.01719 0.07685
1 0.3677 0.4287 0.0224 0.07593
1 0.2573 0.637 0.04792 0.04907
2 0.3109 0.213 0.008333 0.03426
0 0.725 0.6204 0.009896 0.01759
1 0.0974 0.4704 0.02552 0.07685
1 0.1896 0.637 0.04427 0.1056
1 0.1021 0.537 0.02344 0.09259
1 0.7521 0.7028 0.0375 0.09537
1 0.8911 0.5611 0.03385 0.09444
