1 0.9906 0.7639 0.01719 0.1056
1 0.7969 0.5981 0.02292 0.07778
1 0.1172 0.4426 0.01979 0.05926
1 0.2635 0.5648 0.02656 0.06389
1 0.9594 0.5907 0.02135 0.08981
1 0.5885 0.6222 0.03229 0.0787
1 0.8505 0.4565 0.0151 0.06296
1 0.4807 0.3778 0.01146 0.05185
1 0.8229 0.3537 0.01094 0.03889
2 0.8958 0.462 0.0151 0.06667
1 0.8146 0.437 0.01354 0.06111
1 0.5406 0.4731 0.0151 0.06574
2 0.5672 0.3009 0.009896 0.03241
0 0.1771 0.2546 0.005208 0.009259
1 0.4672 0.3722 0.01146 0.04907
1 0.4042 0.8648 0.03438 0.1111
1 0.1698 0.5852 0.02292 0.08889
3 0.1073 0.4093 0.01354 0.05741
