1 0.8583 0.7667 0.02552 0.1111
1 0.7583 0.6241 0.02552 0.09167
1 0.03438 0.4509 0.01667 0.06574
1 0.2359 0.5806 0.01979 0.08056
1 0.8729 0.6046 0.01979 0.08889
1 0.4839 0.6954 0.03906 0.09907
1 0.7911 0.4593 0.0151 0.06481
1 0.4286 0.3713 0.01146 0.05
1 0.7406 0.3481 0.01354 0.04259
2 0.8255 0.463 0.01719 0.07037
1 0.7495 0.4361 0.01458 0.06481
1 0.4896 0.4833 0.01667 0.06944
2 0.5427 0.287 0.009375 0.03426
0 0.2323 0.2972 0.006771 0.01111
1 0.4057 0.3722 0.01146 0.05093
1 0.3745 0.8519 0.0349 0.1241
1 0.163 0.5917 0.02083 0.09074
3 0.06615 0.3972 0.01458 0.05741
1 0.9089 0.7935 0.03698 0.1167
