1 0.5281 0.6824 0.02396 0.1056
1 0.6333 0.5574 0.02187 0.07685
1 0.2349 0.6222 0.02396 0.08981
1 0.8542 0.4546 0.01927 0.07407
1 0.7344 0.3852 0.01562 0.05926
1 0.6292 0.575 0.02656 0.08611
1 0.3698 0.6574 0.02187 0.1093
1 0.5151 0.5028 0.03229 0.07685
1 0.2505 0.3759 0.01198 0.05833
1 0.8693 0.5009 0.0151 0.08056
1 0.6307 0.4241 0.01823 0.07037
1 0.2953 0.375 0.01615 0.04537
2 0.4865 0.4648 0.02083 0.07407
1 0.4396 0.4565 0.02344 0.075
1 0.287 0.5935 0.02552 0.08704
2 0.3464 0.2556 0.009375 0.03241
0 0.3802 0.3019 0.009375 0.01481
1 0.1766 0.4574 0.02135 0.06944
1 0.2599 0.6472 0.02448 0.09259
1 0.1979 0.6213 0.03281 0.08796
1 0.751 0.7287 0.02969 0.1111
1 0.9052 0.5907 0.02917 0.09352
