1 0.6823 0.688 0.02865 0.1102
1 0.4604 0.5833 0.03333 0.05926
1 0.2245 0.7065 0.03333 0.1157
1 0.8068 0.4463 0.02448 0.08426
1 0.5177 0.3898 0.02187 0.06759
1 0.6734 0.4944 0.02031 0.08426
1 0.4911 0.5981 0.05156 0.03981
1 0.4219 0.5102 0.03385 0.07963
1 0.1526 0.4019 0.01458 0.06944
1 0.8901 0.5148 0.02187 0.08981
1 0.4917 0.4824 0.02552 0.0963
2 0.3771 0.4981 0.01719 0.08889
1 0.08333 0.4481 0.01406 0.07037
1 0.426 0.6194 0.03542 0.1009
2 0.09062 0.2463 0.009375 0.03889
0 0.3948 0.5694 0.006771 0.01296
1 0.3104 0.5204 0.02969 0.08611
1 0.1922 0.7417 0.03438 0.1222
1 0.8708 0.7287 0.02656 0.1204
1 0.9281 0.5333 0.02917 0.0963
