1 0.6859 0.7583 0.02552 0.09537
1 0.6839 0.6398 0.025 0.09537
1 0.2078 0.5889 0.02135 0.09444
1 0.9594 0.3898 0.01458 0.06111
1 0.7234 0.613 0.02396 0.09352
1 0.2839 0.7583 0.03281 0.1167
1 0.6948 0.4565 0.01615 0.07685
1 0.3667 0.35 0.009375 0.05
1 0.8781 0.3898 0.0151 0.06019
1 0.6078 0.3259 0.0125 0.04167
2 0.7297 0.4481 0.01562 0.0713
1 0.6385 0.4222 0.01458 0.06944
1 0.4057 0.487 0.02031 0.08056
2 0.4792 0.2602 0.008854 0.03333
0 0.426 0.6194 0.01458 0.01759
1 0.3208 0.3639 0.01302 0.05463
1 0.3318 0.7148 0.02552 0.125
1 0.1224 0.588 0.02708 0.0963
3 0.007292 0.3713 0.01302 0.06019
1 0.6979 0.787 0.03125 0.1148
