1 0.888 0.5963 0.01719 0.08426
1 0.3255 0.4824 0.02813 0.06852
1 0.3151 0.612 0.03125 0.07593
1 0.7255 0.5806 0.02656 0.0787
1 0.7943 0.4694 0.0125 0.06574
1 0.513 0.4269 0.008854 0.05463
1 0.8453 0.3685 0.01094 0.04167
2 0.9906 0.4815 0.0151 0.06667
1 0.8156 0.4546 0.01667 0.06574
1 0.6172 0.4861 0.02083 0.06574
2 0.5083 0.3389 0.01094 0.03333
0 0.1151 0.4778 0.005208 0.007407
1 0.5026 0.4102 0.01094 0.05556
1 0.4437 0.8917 0.03073 0.1333
1 0.1583 0.5806 0.01979 0.08333
3 0.0974 0.4537 0.01615 0.05833
