1 0.5635 0.7139 0.04635 0.09352
1 0.4786 0.5972 0.03333 0.09907
1 0.02813 0.4917 0.0224 0.09537
1 0.2167 0.5852 0.02656 0.1
1 0.7776 0.4204 0.02083 0.07963
1 0.6318 0.3519 0.01667 0.06481
1 0.5354 0.5704 0.03385 0.09537
1 0.3937 0.5796 0.02865 0.09259
1 0.4234 0.4528 0.01823 0.08611
1 0.224 0.3444 0.01406 0.06019
1 0.812 0.4574 0.02031 0.07778
1 0.5646 0.3815 0.01875 0.07222
1 0.1859 0.3694 0.0151 0.06019
2 0.4062 0.4194 0.01875 0.075
1 0.3448 0.4222 0.01875 0.0787
1 0.2313 0.6296 0.04635 0.06019
2 0.2844 0.2056 0.009896 0.03333
0 0.775 0.7676 0.01042 0.02037
1 0.0776 0.4639 0.02083 0.07593
1 0.1599 0.6435 0.04219 0.113
1 0.07344 0.537 0.02969 0.08981
1 0.7583 0.6954 0.03646 0.1009
1 0.8781 0.5528 0.0349 0.08704
