1 0.6781 0.6889 0.0375 0.1176
1 0.4531 0.5472 0.02708 0.09537
1 0.288 0.6852 0.02656 0.1222
1 0.8766 0.437 0.02031 0.08796
1 0.5687 0.3787 0.01927 0.07407
1 0.7172 0.4907 0.02656 0.09167
1 0.5844 0.5954 0.03906 0.05093
1 0.4297 0.5083 0.01927 0.1019
1 0.2104 0.3806 0.01771 0.0713
1 0.9734 0.5157 0.02813 0.09722
1 0.5766 0.4815 0.01875 0.09259
2 0.4313 0.4602 0.02031 0.05556
1 0.1229 0.4241 0.01615 0.075
1 0.3167 0.5769 0.03385 0.1019
2 0.1276 0.2222 0.008333 0.04167
0 0.4094 0.5824 0.007292 0.01111
1 0.4385 0.5333 0.02344 0.09352
1 0.1651 0.7324 0.03906 0.1259
1 0.8589 0.7056 0.04063 0.1139
1 0.9443 0.5324 0.02969 0.09259
