1 0.5646 0.7324 0.02552 0.1287
1 0.4411 0.6111 0.0349 0.09722
1 0.649 0.4417 0.02292 0.07963
1 0.3229 0.3907 0.01875 0.07037
1 0.5115 0.5083 0.01615 0.08981
1 0.337 0.6787 0.02865 0.09074
1 0.199 0.4981 0.02135 0.08611
1 0.7172 0.5019 0.01823 0.08889
1 0.287 0.4907 0.02187 0.08889
2 0.1818 0.5176 0.02135 0.09352
1 0.3448 0.6769 0.04271 0.09722
0 0.3349 0.6241 0.01094 0.01481
1 0.1062 0.5278 0.0276 0.08889
1 0.8187 0.7389 0.03594 0.1194
1 0.837 0.5306 0.02917 0.08611
3 0.8906 0.3241 0.0151 0.06389
