1 0.6693 0.7639 0.03073 0.1019
1 0.6776 0.6444 0.02865 0.09537
1 0.2062 0.5917 0.02135 0.09259
1 0.9505 0.388 0.01406 0.06111
1 0.7104 0.6167 0.0276 0.09259
1 0.2693 0.7648 0.03698 0.1148
1 0.6875 0.4574 0.01615 0.07685
1 0.3625 0.35 0.008854 0.05
1 0.8698 0.3889 0.01615 0.05926
1 0.5979 0.3259 0.01198 0.04167
2 0.7219 0.4491 0.01562 0.06944
1 0.6297 0.4213 0.01406 0.0713
1 0.3979 0.4907 0.02031 0.08056
2 0.474 0.2593 0.008854 0.03333
0 0.463 0.6028 0.01458 0.01574
1 0.3146 0.3639 0.0125 0.05463
1 0.3281 0.713 0.0224 0.125
1 0.1177 0.5898 0.0276 0.09537
3 0.004687 0.3704 0.009375 0.06019
1 0.6865 0.787 0.03438 0.1139
