1 0.5328 0.6722 0.03177 0.1046
1 0.6198 0.5519 0.01771 0.07593
1 0.2703 0.6083 0.02135 0.07037
1 0.8609 0.4537 0.02604 0.07407
1 0.751 0.3833 0.01354 0.05926
1 0.6297 0.5741 0.03073 0.08611
1 0.401 0.6333 0.01667 0.1019
1 0.524 0.4954 0.02135 0.07963
1 0.2839 0.3713 0.01302 0.05741
1 0.887 0.4972 0.02135 0.08056
1 0.6495 0.4194 0.01667 0.07037
1 0.3141 0.3731 0.01562 0.04815
2 0.5016 0.4593 0.01719 0.07407
1 0.449 0.4509 0.01979 0.07685
1 0.2953 0.5694 0.04375 0.08796
2 0.3714 0.2491 0.009375 0.03241
0 0.3297 0.4148 0.009896 0.01667
1 0.1885 0.4602 0.02083 0.07315
1 0.2734 0.6296 0.02187 0.08981
1 0.249 0.5917 0.02396 0.08704
1 0.7646 0.7185 0.03333 0.1083
1 0.9135 0.5898 0.02135 0.09444
