1 0.7094 0.7407 0.03698 0.1204
1 0.4089 0.6648 0.04531 0.1093
1 0.5557 0.4093 0.02344 0.06944
1 0.3516 0.3639 0.02083 0.07037
1 0.4193 0.5787 0.02969 0.09815
1 0.187 0.6398 0.03281 0.1037
1 0.1714 0.4667 0.02448 0.08704
1 0.6047 0.4519 0.02604 0.08056
1 0.2849 0.4009 0.01823 0.07593
2 0.2036 0.437 0.02396 0.08056
1 0.08229 0.4611 0.02396 0.08611
0 0.8578 0.7361 0.009375 0.01574
1 0.8307 0.713 0.03698 0.09907
1 0.7547 0.5287 0.02604 0.08889
3 0.9865 0.3157 0.02187 0.06019
2 0.9917 0.8241 0.01458 0.05463
