1 0.851 0.5917 0.01927 0.07778
1 0.237 0.4583 0.02292 0.05833
1 0.2938 0.5741 0.02135 0.07593
1 0.651 0.5861 0.01979 0.06574
1 0.851 0.4648 0.01458 0.06667
1 0.5203 0.4028 0.01302 0.05
1 0.8573 0.3639 0.01042 0.03704
2 0.9432 0.4704 0.01771 0.05926
1 0.8365 0.4463 0.01458 0.05648
1 0.5964 0.4759 0.01562 0.06389
2 0.55 0.325 0.008854 0.03333
0 0.1276 0.462 0.004687 0.006481
1 0.5068 0.3889 0.01302 0.04352
1 0.4339 0.8685 0.0276 0.1259
1 0.1672 0.5843 0.02344 0.08704
3 0.1401 0.4398 0.02083 0.0537
