1 0.6865 0.5759 0.0224 0.1093
1 0.325 0.5167 0.03906 0.08704
1 0.6026 0.7519 0.04063 0.1287
1 0.9177 0.4944 0.01979 0.09907
1 0.7547 0.5648 0.03646 0.1028
1 0.7583 0.4259 0.02292 0.07778
1 0.4943 0.3685 0.02031 0.07222
1 0.9297 0.5037 0.03698 0.1009
1 0.9599 0.3583 0.02292 0.07407
1 0.7464 0.3028 0.01354 0.0537
2 0.7443 0.3981 0.02448 0.07963
1 0.5557 0.3981 0.01771 0.08241
1 0.2547 0.4917 0.02135 0.08704
2 0.2667 0.2722 0.01615 0.05
0 0.2406 0.5269 0.006771 0.01111
1 0.1276 0.3963 0.02135 0.07963
1 0.1401 0.9704 0.03646 0.05741
