1 0.5339 0.6722 0.03073 0.1056
1 0.6182 0.5519 0.01823 0.07593
1 0.2729 0.6074 0.02135 0.06944
1 0.863 0.4537 0.025 0.07407
1 0.7531 0.3833 0.01458 0.05926
1 0.6286 0.5741 0.03073 0.08611
1 0.4047 0.6296 0.01667 0.1009
1 0.5255 0.4954 0.02187 0.08056
1 0.288 0.3704 0.01302 0.05741
1 0.8891 0.4954 0.01979 0.08056
1 0.6516 0.4194 0.01562 0.07037
1 0.3161 0.3731 0.01615 0.04907
2 0.5042 0.4583 0.01875 0.07407
1 0.4495 0.4509 0.02135 0.07685
1 0.3016 0.5593 0.04375 0.08796
2 0.3745 0.2481 0.009896 0.03241
0 0.3229 0.4333 0.009896 0.01759
1 0.1901 0.4602 0.02187 0.07315
1 0.276 0.6287 0.02187 0.08796
1 0.2526 0.5806 0.02187 0.0787
1 0.7651 0.7157 0.03281 0.1083
1 0.9146 0.5898 0.02292 0.09537
