1 0.4802 0.8824 0.04635 0.15
1 0.4885 0.5889 0.01927 0.113
1 0.5078 0.5759 0.0276 0.1157
1 0.6609 0.6907 0.0276 0.1315
1 0.9901 0.413 0.01562 0.09352
1 0.8906 0.337 0.01875 0.07407
1 0.8047 0.475 0.02865 0.08333
1 0.7401 0.5463 0.01823 0.1019
1 0.5599 0.3889 0.01719 0.07963
1 0.5099 0.3389 0.01302 0.06759
1 0.5172 0.4769 0.03021 0.09259
1 0.4964 0.3306 0.02448 0.05926
1 0.4927 0.2833 0.01198 0.05463
2 0.4547 0.363 0.02448 0.07315
1 0.3359 0.4037 0.01979 0.08704
1 0.1344 0.4704 0.01458 0.1009
2 0.1047 0.2639 0.01406 0.0537
0 0.5016 0.513 0.005729 0.01019
