1 0.6901 0.687 0.03906 0.1157
1 0.4641 0.5472 0.02292 0.09444
1 0.287 0.6852 0.025 0.1222
1 0.8755 0.4389 0.02448 0.08704
1 0.5724 0.3806 0.01667 0.07407
1 0.7214 0.4898 0.02031 0.08889
1 0.5823 0.5935 0.03906 0.05093
1 0.4313 0.512 0.01979 0.1
1 0.213 0.3833 0.01771 0.0713
1 0.9734 0.5167 0.02187 0.09815
1 0.5734 0.4833 0.02083 0.09259
2 0.4333 0.463 0.01927 0.05926
1 0.1286 0.4241 0.01615 0.075
1 0.3359 0.5824 0.03438 0.1037
2 0.1339 0.2259 0.01042 0.04074
0 0.4135 0.5778 0.007292 0.01111
1 0.4344 0.5315 0.02292 0.08981
1 0.1807 0.7315 0.03802 0.1222
1 0.005208 0.562 0.01042 0.09907
1 0.8703 0.7065 0.04479 0.1102
1 0.949 0.5333 0.02865 0.09167
