1 0.8719 0.7667 0.02552 0.1102
1 0.762 0.6222 0.02344 0.08889
1 0.04219 0.45 0.01615 0.06481
1 0.2385 0.5815 0.01927 0.08056
1 0.8833 0.6046 0.01927 0.08981
1 0.4984 0.6907 0.04271 0.09815
1 0.7984 0.4611 0.0151 0.06574
1 0.4339 0.3741 0.01146 0.05093
1 0.751 0.35 0.01354 0.04259
2 0.8333 0.4657 0.01771 0.07037
1 0.7578 0.437 0.01458 0.06389
1 0.4953 0.4833 0.01667 0.06667
2 0.5474 0.2907 0.009896 0.03519
0 0.2255 0.2806 0.006771 0.01019
1 0.413 0.3741 0.01146 0.05093
1 0.3781 0.8593 0.03281 0.1222
1 0.1651 0.5917 0.02135 0.09074
3 0.07083 0.4009 0.01458 0.05833
1 0.9255 0.7944 0.0349 0.1157
