1 0.6859 0.5759 0.0224 0.1093
1 0.326 0.5176 0.0401 0.08796
1 0.6047 0.7509 0.04167 0.1296
1 0.9182 0.4963 0.01979 0.09907
1 0.7562 0.5648 0.0375 0.1037
1 0.7594 0.4259 0.0224 0.07778
1 0.4948 0.3676 0.02083 0.07222
1 0.9281 0.5037 0.03854 0.1019
1 0.9589 0.3583 0.02292 0.07407
1 0.7464 0.3028 0.01302 0.0537
2 0.7427 0.3981 0.02552 0.07963
1 0.5552 0.3981 0.01771 0.08241
1 0.2557 0.4935 0.0224 0.09074
2 0.2661 0.2722 0.01667 0.05
0 0.2401 0.5278 0.006771 0.01111
1 0.1266 0.3963 0.02135 0.07963
1 0.138 0.9704 0.03698 0.05741
