1 0.9891 0.7639 0.01823 0.1056
1 0.7948 0.5991 0.02292 0.07778
1 0.113 0.4435 0.01927 0.06019
1 0.2625 0.5657 0.025 0.06481
1 0.9557 0.5917 0.02135 0.09074
1 0.5854 0.625 0.03021 0.0787
1 0.849 0.4565 0.0151 0.06389
1 0.4786 0.3787 0.01146 0.05093
1 0.8203 0.3546 0.01094 0.03981
2 0.8927 0.463 0.0151 0.06667
1 0.8125 0.438 0.01354 0.06204
1 0.5385 0.4731 0.0151 0.06574
2 0.5667 0.3 0.009896 0.03241
0 0.1792 0.2528 0.005208 0.009259
1 0.4651 0.3722 0.01146 0.04907
1 0.4036 0.8657 0.03385 0.1139
1 0.1698 0.5861 0.02135 0.08796
3 0.1057 0.4083 0.01354 0.05648
