1 0.5469 0.8843 0.05833 0.1528
1 0.499 0.5815 0.0224 0.1157
1 0.4766 0.563 0.03333 0.1046
1 0.6531 0.6972 0.02865 0.1343
1 0.8948 0.3306 0.01406 0.075
1 0.7932 0.462 0.01979 0.09722
1 0.7375 0.5593 0.03646 0.06574
1 0.5568 0.3861 0.01406 0.08148
1 0.5016 0.337 0.02708 0.05833
1 0.5214 0.4722 0.02604 0.08981
1 0.5437 0.3176 0.02292 0.05833
1 0.5 0.2806 0.01615 0.04907
2 0.476 0.3583 0.01615 0.07593
1 0.3474 0.3926 0.01719 0.08704
1 0.1354 0.4648 0.01458 0.1009
2 0.1068 0.2565 0.01406 0.05463
0 0.3536 0.4991 0.01198 0.01019
