1 0.588 0.7056 0.02917 0.1204
1 0.4401 0.6074 0.03333 0.0963
1 0.03125 0.7593 0.02656 0.08426
1 0.6849 0.4398 0.02031 0.07963
1 0.3682 0.3861 0.01562 0.06852
1 0.5458 0.4991 0.01719 0.08611
1 0.3906 0.638 0.03177 0.08796
1 0.263 0.4944 0.03073 0.08611
1 0.7531 0.5037 0.02031 0.08889
1 0.3354 0.487 0.025 0.08241
2 0.2318 0.512 0.02135 0.09167
1 0.4026 0.662 0.0401 0.1083
1 0.1552 0.5278 0.02448 0.08426
1 0.02708 0.8148 0.03646 0.1269
1 0.8208 0.737 0.02708 0.1231
1 0.8526 0.5287 0.02917 0.08796
3 0.9307 0.3269 0.01823 0.06296
