1 0.7109 0.7417 0.04427 0.1204
1 0.4078 0.6667 0.0474 0.1093
1 0.551 0.4111 0.0224 0.06944
1 0.3396 0.3657 0.02083 0.0713
1 0.4141 0.5796 0.03229 0.09815
1 0.1781 0.6444 0.03542 0.1028
1 0.1604 0.4685 0.02448 0.08611
1 0.5974 0.4519 0.02708 0.07963
1 0.2729 0.4037 0.01562 0.07685
2 0.1953 0.4389 0.02344 0.08148
1 0.07187 0.4648 0.02292 0.08704
0 0.8568 0.7269 0.009375 0.01574
1 0.8359 0.7148 0.03281 0.1009
1 0.7484 0.5269 0.03229 0.09074
3 0.9786 0.3167 0.02448 0.05926
2 0.9922 0.7991 0.01458 0.112
