1 0.6057 0.7204 0.03698 0.1
1 0.4484 0.612 0.03333 0.1037
1 0.1354 0.5713 0.02083 0.04815
1 0.7057 0.4102 0.02344 0.07685
1 0.549 0.3463 0.01667 0.06667
1 0.501 0.5685 0.02708 0.09259
1 0.337 0.5898 0.02344 0.09815
1 0.3448 0.45 0.02135 0.08426
1 0.1427 0.3491 0.01354 0.06574
1 0.7458 0.4481 0.01979 0.07778
1 0.4839 0.3778 0.01719 0.0713
1 0.1062 0.375 0.02344 0.06019
2 0.3448 0.4148 0.01771 0.06019
1 0.2698 0.4278 0.01562 0.0787
1 0.1427 0.6213 0.04219 0.1
2 0.2073 0.2056 0.01042 0.03333
0 0.8151 0.6463 0.01094 0.01574
1 0.01615 0.4824 0.02344 0.08333
1 0.06302 0.6796 0.05104 0.1176
1 0.00625 0.5519 0.01198 0.09259
1 0.774 0.6926 0.0526 0.1028
1 0.8375 0.5426 0.03646 0.09352
