1 0.5401 0.6694 0.02656 0.1111
1 0.6109 0.5491 0.02083 0.07963
1 0.03646 0.488 0.02448 0.08056
1 0.2969 0.6028 0.02083 0.07407
1 0.8729 0.4519 0.02083 0.07778
1 0.762 0.3806 0.01771 0.06019
1 0.625 0.5713 0.02552 0.08611
1 0.4245 0.6139 0.02187 0.09815
1 0.5339 0.4917 0.02083 0.08519
1 0.3073 0.3667 0.01198 0.05741
1 0.901 0.4917 0.01927 0.08056
1 0.6651 0.4148 0.01562 0.0713
1 0.3255 0.3713 0.01667 0.05278
2 0.5151 0.4537 0.01979 0.07407
1 0.4562 0.4463 0.0224 0.07685
1 0.2865 0.5667 0.03021 0.07407
2 0.388 0.2426 0.008854 0.03333
0 0.3068 0.5083 0.01042 0.01759
1 0.1958 0.4611 0.02135 0.075
1 0.2906 0.6241 0.02135 0.07685
1 0.2656 0.5546 0.02031 0.07222
1 0.763 0.6991 0.0276 0.1065
1 0.9234 0.5861 0.02552 0.09815
