1 0.5432 0.6713 0.02656 0.1074
1 0.6036 0.5565 0.02292 0.08426
1 0.07448 0.4843 0.02292 0.08333
1 0.3193 0.6083 0.01927 0.0787
1 0.8797 0.4528 0.0224 0.07778
1 0.7698 0.3796 0.0151 0.06111
1 0.6224 0.5759 0.02187 0.08796
1 0.4469 0.6065 0.025 0.09537
1 0.5411 0.4898 0.02031 0.08519
1 0.325 0.363 0.01094 0.05741
1 0.9109 0.4907 0.02344 0.08056
1 0.6766 0.4139 0.01875 0.07315
1 0.3307 0.3704 0.01354 0.05648
2 0.524 0.45 0.01458 0.075
1 0.4615 0.4407 0.01771 0.07778
1 0.3104 0.5657 0.04115 0.06296
2 0.401 0.238 0.008333 0.03426
0 0.3922 0.4472 0.01094 0.01667
1 0.1984 0.4639 0.01927 0.075
1 0.3026 0.6185 0.02135 0.07407
1 0.2604 0.5602 0.02552 0.09259
1 0.7578 0.6917 0.02604 0.0963
1 0.9339 0.5852 0.0224 0.0963
