1 0.5865 0.7769 0.03854 0.1139
1 0.6214 0.6685 0.0401 0.09167
1 0.1781 0.5972 0.02604 0.09259
1 0.9708 0.4444 0.01927 0.06852
1 0.8714 0.375 0.01667 0.06019
1 0.6245 0.6167 0.03125 0.06667
1 0.2073 0.7722 0.02969 0.1231
1 0.6198 0.4593 0.02187 0.07315
1 0.3161 0.3426 0.0125 0.05093
1 0.8005 0.3796 0.01979 0.05833
1 0.5182 0.3176 0.01406 0.04167
2 0.6542 0.4407 0.01771 0.06944
1 0.5536 0.4148 0.01979 0.06759
1 0.3391 0.4944 0.02187 0.07685
2 0.4229 0.2481 0.007812 0.02963
0 0.6177 0.6 0.01094 0.01389
1 0.2568 0.3657 0.01615 0.05278
1 0.2891 0.7083 0.03125 0.1065
1 0.07135 0.5907 0.0276 0.09815
1 0.6203 0.7778 0.03854 0.1046
