1 0.4901 0.8852 0.05521 0.1463
1 0.4891 0.5889 0.01979 0.113
1 0.5068 0.5787 0.03333 0.113
1 0.6604 0.6954 0.03021 0.1306
1 0.9901 0.4111 0.01562 0.09352
1 0.8901 0.3361 0.01771 0.075
1 0.8036 0.4741 0.03125 0.08241
1 0.737 0.5463 0.02135 0.09815
1 0.5573 0.3898 0.01875 0.08056
1 0.5094 0.3398 0.01719 0.06481
1 0.5146 0.4778 0.03073 0.08796
1 0.5052 0.3241 0.025 0.05
1 0.4927 0.2824 0.01198 0.05463
2 0.4583 0.363 0.02396 0.07315
1 0.337 0.4028 0.01875 0.08704
1 0.1344 0.4694 0.01458 0.1009
2 0.1052 0.2639 0.01406 0.0537
0 0.4927 0.5102 0.008854 0.01019
