1 0.8375 0.588 0.01979 0.07963
1 0.2026 0.4463 0.01615 0.06111
1 0.2948 0.5611 0.02031 0.08056
1 0.6365 0.5833 0.01615 0.06759
1 0.8625 0.4565 0.01302 0.06852
1 0.5135 0.3898 0.009896 0.05
1 0.8547 0.3574 0.01042 0.03981
2 0.9292 0.4639 0.0224 0.06204
1 0.8359 0.4389 0.01302 0.0537
1 0.5823 0.4694 0.01927 0.06296
2 0.5625 0.313 0.008854 0.03333
0 0.1417 0.3963 0.005208 0.009259
1 0.5005 0.3787 0.0125 0.04352
1 0.4307 0.8639 0.03281 0.1296
1 0.1677 0.5806 0.01927 0.08704
3 0.137 0.4278 0.02187 0.05278
