1 0.5901 0.7056 0.03125 0.1194
1 0.438 0.6065 0.03438 0.0963
1 0.03802 0.7593 0.0276 0.09167
1 0.6875 0.4398 0.02135 0.0787
1 0.3724 0.3861 0.01562 0.06852
1 0.5495 0.4972 0.01719 0.08611
1 0.3937 0.6324 0.03385 0.08796
1 0.2682 0.4926 0.03021 0.08611
1 0.7562 0.5037 0.01927 0.08889
1 0.3406 0.4861 0.02448 0.08148
2 0.2359 0.5111 0.02135 0.09074
1 0.4047 0.6602 0.04167 0.1093
1 0.1583 0.5269 0.02292 0.08426
1 0.03229 0.812 0.03646 0.1278
1 0.8214 0.7389 0.03177 0.1231
1 0.8542 0.5278 0.03021 0.08796
3 0.9344 0.3278 0.01719 0.06296
