1 0.5427 0.6685 0.02396 0.113
1 0.6073 0.5509 0.02135 0.08611
1 0.06354 0.4833 0.02552 0.08241
1 0.3146 0.6065 0.01979 0.08426
1 0.8786 0.4509 0.02135 0.07963
1 0.7672 0.3787 0.01667 0.06111
1 0.6234 0.5722 0.01927 0.08704
1 0.4396 0.6065 0.02656 0.0963
1 0.5385 0.488 0.01875 0.08704
1 0.3198 0.363 0.01094 0.05741
1 0.9078 0.4907 0.02344 0.08056
1 0.6724 0.4148 0.01875 0.07315
1 0.3297 0.3704 0.0151 0.05556
2 0.5214 0.4509 0.01354 0.07407
1 0.4604 0.4398 0.01719 0.0787
1 0.301 0.5611 0.03854 0.05185
2 0.3984 0.238 0.007812 0.03426
0 0.3589 0.4667 0.01094 0.01667
1 0.1984 0.462 0.01875 0.075
1 0.3 0.6213 0.02031 0.07222
1 0.2646 0.562 0.02552 0.09537
1 0.7609 0.6898 0.02448 0.1046
1 0.9307 0.5843 0.02187 0.09907
