1 0.5578 0.6926 0.03906 0.1194
1 0.3807 0.5722 0.02604 0.1074
1 0.3083 0.6694 0.02083 0.1269
1 0.8667 0.4139 0.02344 0.09074
1 0.5401 0.3583 0.02135 0.0787
1 0.6854 0.4917 0.03073 0.0963
1 0.5948 0.6 0.0401 0.06111
1 0.3792 0.4759 0.02135 0.07963
1 0.1688 0.362 0.01562 0.07593
1 0.9214 0.4991 0.02448 0.09907
1 0.5745 0.4657 0.02552 0.09352
2 0.399 0.4611 0.01979 0.08889
1 0.05208 0.3944 0.01615 0.075
1 0.1703 0.5528 0.03229 0.1111
2 0.075 0.1972 0.01094 0.04537
0 0.3682 0.6259 0.007812 0.01296
1 0.3937 0.5148 0.03125 0.1046
1 0.0224 0.7583 0.04479 0.1417
1 0.7432 0.7259 0.0349 0.1139
1 0.8807 0.5361 0.03385 0.1056
