1 0.8583 0.5843 0.02396 0.07963
1 0.3318 0.4806 0.02135 0.06667
1 0.3464 0.6491 0.0375 0.08796
1 0.9906 0.5352 0.01771 0.07685
1 0.7333 0.575 0.03021 0.07593
1 0.7135 0.4556 0.01771 0.06296
1 0.4589 0.425 0.01458 0.05648
1 0.7896 0.3611 0.01198 0.04259
2 0.9667 0.4713 0.02083 0.06389
1 0.7401 0.4472 0.01615 0.06574
1 0.5453 0.475 0.01667 0.06759
2 0.4474 0.3352 0.01354 0.03704
0 0.1359 0.4806 0.005208 0.007407
1 0.4302 0.4185 0.01719 0.05556
1 0.425 0.9139 0.03073 0.137
1 0.06042 0.5694 0.02292 0.08704
