1 0.5938 0.7778 0.03802 0.1139
1 0.6266 0.6667 0.03906 0.09074
1 0.1828 0.5981 0.02656 0.09167
1 0.9781 0.4463 0.01719 0.06759
1 0.8807 0.3759 0.01615 0.06019
1 0.6339 0.6139 0.02865 0.06204
1 0.2141 0.7722 0.02917 0.1222
1 0.6271 0.4583 0.02135 0.07222
1 0.3219 0.3444 0.0125 0.05093
1 0.8083 0.3806 0.01927 0.05833
1 0.5271 0.3194 0.01406 0.04259
2 0.662 0.4407 0.01719 0.06852
1 0.5615 0.4157 0.01979 0.06852
1 0.3448 0.4935 0.02135 0.07778
2 0.4292 0.2481 0.008333 0.03056
0 0.6078 0.5954 0.01094 0.01389
1 0.2635 0.3648 0.01667 0.05278
1 0.2938 0.7111 0.03125 0.1074
1 0.0776 0.5907 0.0276 0.09722
1 0.625 0.7796 0.0375 0.1037
