1 0.6229 0.775 0.03594 0.112
1 0.6469 0.6574 0.03542 0.09074
1 0.1953 0.5963 0.025 0.09074
1 0.9125 0.3815 0.01458 0.06111
1 0.6667 0.6111 0.02604 0.06574
1 0.2359 0.7713 0.03177 0.1185
1 0.6542 0.4574 0.01875 0.07407
1 0.3411 0.3472 0.01146 0.05
1 0.8365 0.3843 0.01823 0.05833
1 0.5583 0.3222 0.0125 0.04259
2 0.6896 0.4444 0.01667 0.06667
1 0.5922 0.4176 0.01823 0.0713
1 0.3682 0.4926 0.02083 0.07963
2 0.45 0.2528 0.008854 0.03241
0 0.5583 0.588 0.0125 0.01389
1 0.287 0.363 0.0151 0.05278
1 0.3089 0.7148 0.02708 0.1148
1 0.09688 0.5907 0.0276 0.09537
1 0.6484 0.7833 0.03646 0.1056
