1 0.8016 0.5963 0.02292 0.07963
1 0.1266 0.4407 0.02031 0.06019
1 0.2672 0.562 0.02552 0.06296
1 0.9667 0.588 0.02187 0.08796
1 0.5938 0.6167 0.0276 0.07778
1 0.8547 0.4546 0.01458 0.06389
1 0.4844 0.3778 0.01146 0.05185
1 0.8281 0.3528 0.01146 0.03981
2 0.9005 0.4611 0.01562 0.06574
1 0.8187 0.4361 0.01406 0.06111
1 0.5453 0.4704 0.01458 0.06296
2 0.5677 0.3009 0.009375 0.03241
0 0.1734 0.263 0.005208 0.009259
1 0.4719 0.3713 0.01146 0.04907
1 0.4073 0.863 0.03281 0.1176
1 0.1693 0.5824 0.02292 0.08889
3 0.1115 0.4093 0.01354 0.05926
