1 0.6562 0.6824 0.02187 0.1157
1 0.4458 0.5667 0.02552 0.05926
1 0.1885 0.7185 0.03229 0.1241
1 0.7776 0.4417 0.01927 0.08056
1 0.4865 0.387 0.01979 0.06574
1 0.6427 0.4898 0.0224 0.08426
1 0.4609 0.587 0.04531 0.03981
1 0.4057 0.4972 0.03073 0.07037
1 0.1151 0.4037 0.01719 0.06944
1 0.8542 0.512 0.02396 0.09259
1 0.4552 0.4843 0.03073 0.08519
2 0.3458 0.4972 0.01719 0.08889
1 0.04896 0.4556 0.01406 0.075
1 0.4286 0.6269 0.04167 0.1056
2 0.05781 0.2454 0.01146 0.03889
0 0.3927 0.5787 0.006771 0.01296
1 0.2687 0.5176 0.04167 0.0787
1 0.162 0.75 0.03385 0.1231
1 0.8484 0.7343 0.03177 0.125
1 0.9052 0.5278 0.03438 0.09074
