1 0.4552 0.7787 0.03698 0.1194
1 0.5604 0.6667 0.0401 0.09815
1 0.04844 0.6139 0.03281 0.0963
1 0.7917 0.4185 0.02292 0.06574
1 0.6776 0.3556 0.02031 0.05093
1 0.4964 0.6083 0.02813 0.09259
1 0.09583 0.7778 0.0401 0.1194
1 0.4667 0.4546 0.02344 0.07778
1 0.1557 0.3417 0.01198 0.0537
1 0.8167 0.4444 0.02604 0.06574
1 0.6281 0.362 0.01875 0.05833
1 0.3203 0.3176 0.01458 0.04074
2 0.4719 0.4306 0.02031 0.06481
1 0.376 0.413 0.02135 0.06667
1 0.2026 0.5093 0.02604 0.08056
2 0.2578 0.238 0.008333 0.03056
0 0.6823 0.5583 0.006771 0.01111
1 0.09323 0.3778 0.02135 0.05926
1 0.1391 0.6991 0.03021 0.09907
1 0.5229 0.7435 0.04479 0.1028
1 0.8432 0.512 0.01979 0.06759
