1 0.8406 0.5898 0.01979 0.07963
1 0.2109 0.4481 0.01771 0.06019
1 0.2938 0.5639 0.02083 0.0787
1 0.6411 0.5833 0.01927 0.06574
1 0.8599 0.4593 0.01406 0.06852
1 0.5151 0.3944 0.01146 0.05093
1 0.8547 0.3593 0.01094 0.03889
2 0.9313 0.4657 0.02135 0.06111
1 0.837 0.4417 0.01406 0.05463
1 0.5859 0.4722 0.01667 0.06204
2 0.5589 0.3167 0.008854 0.03333
0 0.1359 0.4194 0.004687 0.008333
1 0.5026 0.3815 0.01198 0.04352
1 0.4318 0.8667 0.03021 0.1296
1 0.1677 0.5815 0.02083 0.08704
3 0.137 0.4324 0.01979 0.05185
