1 0.8458 0.5907 0.01979 0.0787
1 0.225 0.4537 0.01979 0.05926
1 0.2927 0.5704 0.02187 0.07593
1 0.6484 0.5815 0.02344 0.06296
1 0.8542 0.462 0.01562 0.06759
1 0.5188 0.4 0.01406 0.05185
1 0.8562 0.363 0.01146 0.03704
2 0.9365 0.4694 0.01979 0.05833
1 0.8375 0.4444 0.01615 0.05648
1 0.5917 0.4759 0.0125 0.06111
2 0.5536 0.3222 0.008854 0.03148
0 0.1276 0.4583 0.004687 0.006481
1 0.5052 0.3861 0.01042 0.04352
1 0.4344 0.8694 0.02656 0.1287
1 0.1672 0.5843 0.02396 0.08704
3 0.1365 0.4389 0.01562 0.05093
