1 0.8839 0.5972 0.01615 0.08148
1 0.3135 0.4796 0.02969 0.06667
1 0.3089 0.6046 0.025 0.07778
1 0.7151 0.5778 0.02708 0.07963
1 0.8 0.4657 0.01302 0.06667
1 0.5151 0.4231 0.0125 0.0537
1 0.8458 0.3694 0.01354 0.03889
2 0.9859 0.4815 0.01615 0.06574
1 0.8182 0.4528 0.01458 0.06389
1 0.6151 0.4843 0.02031 0.06667
2 0.5109 0.338 0.009896 0.03241
0 0.1109 0.4741 0.005208 0.007407
1 0.5042 0.4074 0.009896 0.05463
1 0.4432 0.8889 0.03698 0.1287
1 0.1589 0.5806 0.01875 0.08426
3 0.1042 0.4509 0.01719 0.05463
