1 0.7401 0.7657 0.02344 0.1185
1 0.7115 0.6343 0.02448 0.09907
1 0.2167 0.587 0.01979 0.08981
1 0.9927 0.3944 0.01042 0.06019
1 0.7776 0.6102 0.025 0.09167
1 0.338 0.738 0.02917 0.1194
1 0.7234 0.4556 0.0151 0.07315
1 0.3828 0.3546 0.01198 0.05093
1 0.9146 0.3963 0.0151 0.06296
1 0.649 0.3306 0.01406 0.04259
2 0.7594 0.4537 0.01667 0.06852
1 0.6734 0.4241 0.01354 0.06667
1 0.4349 0.4824 0.01771 0.07407
2 0.499 0.2667 0.008333 0.03426
0 0.3198 0.5704 0.01094 0.0213
1 0.3469 0.3648 0.01354 0.0537
1 0.3406 0.7565 0.0276 0.1259
1 0.1385 0.5926 0.02396 0.09815
3 0.02604 0.3787 0.0151 0.05833
1 0.7557 0.7833 0.03438 0.1167
