1 0.451 0.7417 0.03802 0.1093
1 0.6036 0.6028 0.03229 0.07685
1 0.7427 0.4463 0.01562 0.0713
1 0.5953 0.3731 0.0125 0.05648
1 0.4885 0.5843 0.02344 0.08611
1 0.1276 0.7824 0.03646 0.1231
1 0.4052 0.5019 0.02083 0.07593
1 0.0375 0.387 0.0125 0.05741
1 0.7359 0.4944 0.01979 0.07315
1 0.513 0.413 0.01406 0.06667
1 0.151 0.3676 0.01354 0.05
2 0.3635 0.4694 0.01406 0.07685
1 0.3151 0.4537 0.0151 0.075
1 0.1776 0.5537 0.03646 0.08704
2 0.1542 0.2667 0.01094 0.03333
0 0.6417 0.4046 0.008333 0.01574
1 0.0125 0.4361 0.02396 0.06667
1 0.04115 0.7657 0.03906 0.1111
1 0.5813 0.7815 0.02604 0.1194
1 0.751 0.5593 0.025 0.08704
