1 0.55 0.7481 0.02604 0.1306
1 0.424 0.6093 0.02917 0.09259
1 0.6177 0.4398 0.01823 0.07963
1 0.2844 0.3917 0.01771 0.07315
1 0.4807 0.5176 0.01823 0.08981
1 0.2818 0.7 0.03906 0.1028
1 0.1484 0.4963 0.02344 0.08704
1 0.6844 0.4981 0.01979 0.08889
1 0.2469 0.4898 0.02292 0.08889
2 0.1375 0.5194 0.0224 0.09444
1 0.2828 0.6972 0.04427 0.1065
0 0.2906 0.6528 0.009896 0.01667
1 0.05521 0.5278 0.03177 0.09444
1 0.8156 0.737 0.03281 0.1204
1 0.8198 0.5259 0.02604 0.08981
3 0.8594 0.3204 0.0151 0.06574
