1 0.6193 0.6889 0.0276 0.1185
1 0.4385 0.5759 0.03542 0.08981
1 0.1167 0.7343 0.03438 0.1148
1 0.7276 0.4398 0.02083 0.07778
1 0.4255 0.3824 0.01979 0.06852
1 0.5943 0.4917 0.01979 0.08519
1 0.4281 0.6037 0.04323 0.04815
1 0.3443 0.4861 0.02865 0.0787
1 0.03542 0.4102 0.02292 0.07315
1 0.8 0.5046 0.02187 0.08889
1 0.3995 0.4824 0.02396 0.0787
2 0.2885 0.5028 0.02083 0.08796
1 0.4271 0.6426 0.04219 0.1009
0 0.4083 0.6009 0.006771 0.01296
1 0.2073 0.5176 0.01875 0.08519
1 0.0974 0.7769 0.0375 0.1315
1 0.8286 0.7315 0.02552 0.125
1 0.8745 0.5269 0.025 0.09259
3 0.9885 0.3315 0.0224 0.06296
