1 0.5318 0.712 0.04063 0.09074
1 0.5318 0.5889 0.03125 0.08704
1 0.08594 0.4963 0.025 0.08889
1 0.3 0.6046 0.0224 0.09167
1 0.849 0.45 0.02292 0.0787
1 0.7224 0.3796 0.01562 0.06481
1 0.5828 0.5917 0.02552 0.09444
1 0.4453 0.5972 0.0224 0.09352
1 0.5047 0.4843 0.02187 0.08519
1 0.3005 0.3639 0.01302 0.06019
1 0.8854 0.4852 0.02656 0.08148
1 0.649 0.4093 0.01719 0.07222
1 0.2745 0.3824 0.01458 0.05833
2 0.4854 0.4454 0.01667 0.07778
1 0.4172 0.4444 0.0224 0.07593
1 0.3047 0.6324 0.03438 0.05741
2 0.3667 0.2306 0.006771 0.03426
0 0.6115 0.4537 0.01094 0.01574
1 0.1479 0.4824 0.02187 0.08426
1 0.2484 0.6278 0.02708 0.08981
1 0.1703 0.5481 0.02448 0.08889
1 0.7438 0.7074 0.03802 0.08426
1 0.9167 0.5815 0.03385 0.09074
