1 0.5005 0.7111 0.03281 0.1
1 0.6312 0.5778 0.02813 0.07315
1 0.08958 0.6389 0.02969 0.09444
1 0.8104 0.4602 0.02292 0.06667
1 0.6604 0.3824 0.01406 0.05741
1 0.562 0.5704 0.02135 0.08519
1 0.262 0.7407 0.03281 0.1204
1 0.4656 0.5083 0.03021 0.07593
1 0.1266 0.3824 0.01406 0.05648
1 0.7995 0.5019 0.01979 0.08056
1 0.5682 0.4287 0.02031 0.06944
1 0.2083 0.3741 0.01406 0.05278
2 0.4198 0.4722 0.02031 0.07222
1 0.3885 0.4676 0.02344 0.06944
1 0.2698 0.5722 0.03698 0.0713
2 0.2385 0.2648 0.01094 0.03333
0 0.5109 0.2222 0.008854 0.01296
1 0.1042 0.4519 0.02552 0.05926
1 0.1818 0.7176 0.04635 0.09537
1 0.01458 0.6231 0.02552 0.09074
1 0.6828 0.7787 0.03125 0.1204
1 0.8474 0.5824 0.03594 0.07963
