1 0.425 0.7611 0.03125 0.1259
1 0.5661 0.6213 0.02865 0.09167
1 0.7177 0.437 0.01562 0.06944
1 0.5844 0.3685 0.01458 0.05741
1 0.4609 0.5972 0.025 0.1009
1 0.08021 0.7889 0.03802 0.1278
1 0.3917 0.4861 0.02344 0.08056
1 0.03854 0.3778 0.01719 0.05741
1 0.7302 0.4704 0.01719 0.06574
1 0.5172 0.3972 0.01302 0.06296
1 0.1781 0.3556 0.01198 0.04722
2 0.3677 0.4583 0.01667 0.07222
1 0.2979 0.4426 0.02396 0.07222
1 0.15 0.5472 0.02448 0.08704
2 0.1526 0.2648 0.01198 0.03333
0 0.7068 0.5519 0.006771 0.01111
1 0.005208 0.425 0.01042 0.06296
1 0.02344 0.7602 0.03333 0.1093
1 0.5224 0.7639 0.04167 0.1139
1 0.7391 0.5481 0.02396 0.08333
