1 0.6526 0.7694 0.03438 0.1074
1 0.6693 0.6481 0.03177 0.09444
1 0.2042 0.5944 0.02187 0.09167
1 0.9401 0.3861 0.01354 0.06111
1 0.6969 0.6176 0.02969 0.08889
1 0.2557 0.7704 0.03906 0.1148
1 0.6786 0.4574 0.01615 0.07685
1 0.3573 0.3491 0.008854 0.05
1 0.8594 0.388 0.01719 0.05833
1 0.5865 0.325 0.01146 0.04167
2 0.713 0.4472 0.01615 0.06759
1 0.6198 0.4204 0.01406 0.07222
1 0.3896 0.4926 0.02083 0.08056
2 0.4682 0.2574 0.008333 0.03333
0 0.4984 0.5907 0.01406 0.01389
1 0.3073 0.3639 0.0125 0.05463
1 0.3234 0.7111 0.02135 0.1231
1 0.112 0.5907 0.0276 0.09537
3 0.003125 0.3704 0.005729 0.06019
1 0.6745 0.7852 0.03646 0.112
