1 0.5172 0.8861 0.06146 0.1472
1 0.4917 0.5833 0.02083 0.1157
1 0.4974 0.5769 0.03229 0.09722
1 0.6568 0.7 0.03021 0.1315
1 0.9911 0.4093 0.0151 0.09352
1 0.8906 0.3333 0.01562 0.075
1 0.8 0.4685 0.02813 0.08889
1 0.7359 0.5509 0.02865 0.08426
1 0.5552 0.3889 0.01771 0.08148
1 0.5068 0.3398 0.02344 0.06111
1 0.5125 0.4759 0.03125 0.08704
1 0.5234 0.3167 0.025 0.04722
1 0.4943 0.2815 0.01354 0.05278
2 0.4656 0.3602 0.02083 0.07407
1 0.3411 0.3991 0.01771 0.08704
1 0.1349 0.4685 0.01458 0.1009
2 0.1057 0.2611 0.01406 0.05463
0 0.438 0.5009 0.01198 0.01019
