1 0.6339 0.5731 0.02344 0.112
1 0.3469 0.5111 0.03542 0.09259
1 0.6266 0.7333 0.03646 0.1333
1 0.8661 0.4778 0.02292 0.1009
1 0.7667 0.55 0.02917 0.1
1 0.7203 0.3972 0.0276 0.08704
1 0.4859 0.3454 0.01406 0.07222
1 0.8068 0.4852 0.02813 0.09444
1 0.8484 0.3278 0.03333 0.07593
1 0.6911 0.2787 0.01771 0.05833
2 0.6646 0.3769 0.0224 0.08056
1 0.4922 0.3852 0.0224 0.08796
1 0.2156 0.4694 0.0349 0.08981
2 0.2062 0.2519 0.01406 0.05556
0 0.1984 0.5148 0.006771 0.01111
1 0.05573 0.3898 0.02396 0.08796
