1 0.8167 0.7667 0.025 0.1157
1 0.7443 0.6278 0.02813 0.09537
1 0.0151 0.4472 0.01458 0.06574
1 0.2286 0.5806 0.02083 0.08148
1 0.8417 0.6065 0.0224 0.08889
1 0.4339 0.7083 0.03125 0.1019
1 0.7677 0.4556 0.0151 0.06574
1 0.4115 0.3639 0.01094 0.04907
1 0.9755 0.4093 0.01667 0.06111
1 0.7083 0.3417 0.01302 0.04259
2 0.8026 0.4574 0.01615 0.07037
1 0.724 0.4324 0.01458 0.06667
1 0.4714 0.4815 0.01615 0.075
2 0.5276 0.2787 0.008333 0.03426
0 0.2562 0.3685 0.007292 0.01389
1 0.3854 0.3676 0.0125 0.05185
1 0.3635 0.8231 0.03646 0.1194
1 0.1552 0.5907 0.02031 0.09074
3 0.05156 0.3898 0.01354 0.05741
1 0.8562 0.7898 0.0401 0.1185
