1 0.8443 0.7667 0.025 0.113
1 0.7542 0.6241 0.02708 0.09352
1 0.02656 0.45 0.01719 0.06574
1 0.2333 0.5796 0.02031 0.07963
1 0.863 0.6056 0.02083 0.08889
1 0.4688 0.6991 0.03542 0.1
1 0.7833 0.4574 0.0151 0.06481
1 0.4224 0.3685 0.01094 0.04907
1 0.7302 0.3454 0.01302 0.04259
2 0.8182 0.4602 0.01615 0.07037
1 0.7411 0.4361 0.01458 0.06574
1 0.4839 0.4833 0.01615 0.07315
2 0.5375 0.2843 0.008854 0.03426
0 0.2385 0.3139 0.006771 0.01111
1 0.3995 0.3704 0.01198 0.05093
1 0.3708 0.8435 0.03698 0.1259
1 0.1599 0.5907 0.01979 0.08981
3 0.06146 0.3944 0.01406 0.05741
1 0.8922 0.7926 0.03958 0.1176
