1 0.7167 0.9111 0.06875 0.1685
1 0.551 0.5741 0.02604 0.1167
1 0.4385 0.538 0.04427 0.1083
1 0.6521 0.7194 0.0474 0.1306
1 0.963 0.3213 0.02813 0.07593
1 0.8089 0.4639 0.02448 0.0963
1 0.7656 0.5454 0.03802 0.09537
1 0.6094 0.3861 0.01875 0.08796
1 0.4948 0.3306 0.02135 0.06852
1 0.6146 0.4713 0.03646 0.09167
1 0.6573 0.3102 0.03073 0.06759
1 0.5714 0.2685 0.0125 0.05833
2 0.5391 0.3593 0.01927 0.075
1 0.3943 0.3833 0.01927 0.08889
1 0.1562 0.4583 0.02917 0.09537
2 0.1365 0.2463 0.01406 0.05556
0 0.1583 0.4917 0.007292 0.01111
