1 0.8547 0.5926 0.01875 0.07778
1 0.2453 0.4602 0.02135 0.05926
1 0.2953 0.5759 0.02083 0.07593
1 0.6578 0.5815 0.01719 0.06481
1 0.849 0.4667 0.01354 0.06574
1 0.5224 0.4046 0.01198 0.04907
1 0.8589 0.3648 0.009896 0.03704
2 0.9479 0.4704 0.01615 0.06019
1 0.8365 0.4481 0.01354 0.05648
1 0.6005 0.4769 0.01823 0.06481
2 0.5479 0.3269 0.009375 0.03333
0 0.1281 0.4648 0.004687 0.006481
1 0.5089 0.3907 0.01458 0.04352
1 0.4339 0.8676 0.02813 0.1241
1 0.1677 0.5852 0.02344 0.08796
3 0.1391 0.4398 0.02292 0.05185
