1 0.549 0.7778 0.04323 0.1148
1 0.6 0.675 0.04375 0.0963
1 0.1526 0.5991 0.02656 0.0963
1 0.9292 0.4343 0.02604 0.0713
1 0.8234 0.3676 0.01927 0.05741
1 0.5833 0.625 0.03854 0.08241
1 0.1745 0.7741 0.03802 0.1213
1 0.5823 0.4583 0.02396 0.07315
1 0.2839 0.338 0.0125 0.05185
1 0.9583 0.4602 0.02292 0.06944
1 0.7589 0.3722 0.02187 0.05556
1 0.4714 0.3148 0.01562 0.04167
2 0.6125 0.4352 0.01875 0.0713
1 0.5104 0.413 0.02031 0.06574
1 0.3068 0.4963 0.02292 0.07685
2 0.3875 0.2426 0.006771 0.02593
0 0.6568 0.6296 0.009375 0.01389
1 0.2193 0.3685 0.01667 0.05463
1 0.262 0.6972 0.03021 0.1028
1 0.03802 0.5944 0.03073 0.09815
1 0.5953 0.7685 0.04167 0.1046
1 0.9802 0.5278 0.01667 0.06389
