1 0.5286 0.6843 0.0276 0.1056
1 0.6354 0.5565 0.02344 0.07593
1 0.2297 0.6241 0.02448 0.09352
1 0.8531 0.4546 0.01771 0.07407
1 0.7307 0.3852 0.01667 0.05926
1 0.6281 0.575 0.02552 0.08611
1 0.3641 0.6611 0.02292 0.1111
1 0.5141 0.5037 0.03438 0.07685
1 0.2443 0.3759 0.01198 0.05926
1 0.8667 0.5009 0.01354 0.08056
1 0.6281 0.4241 0.01823 0.07037
1 0.2917 0.3759 0.01667 0.04444
2 0.4844 0.4657 0.02187 0.07407
1 0.4385 0.4574 0.02552 0.07407
1 0.2885 0.5935 0.02656 0.08704
2 0.3427 0.2565 0.009375 0.03241
0 0.3891 0.287 0.009375 0.01389
1 0.1745 0.4574 0.02031 0.06852
1 0.2583 0.65 0.025 0.09259
1 0.1865 0.6204 0.03906 0.08889
1 0.749 0.7315 0.03177 0.112
1 0.9036 0.5907 0.03125 0.09352
