1 0.95 0.7694 0.03073 0.1148
1 0.7833 0.6093 0.025 0.08241
1 0.08906 0.4491 0.01771 0.06389
1 0.2578 0.5741 0.01979 0.07037
1 0.9318 0.5972 0.02135 0.09352
1 0.5599 0.6472 0.02187 0.08056
1 0.8354 0.4611 0.01458 0.06574
1 0.4641 0.3796 0.01042 0.04722
1 0.801 0.3546 0.01094 0.04352
2 0.875 0.4648 0.01667 0.06481
1 0.7958 0.4407 0.01354 0.06296
1 0.5255 0.4778 0.0151 0.06852
2 0.5646 0.2991 0.009896 0.03519
0 0.1943 0.2426 0.006771 0.009259
1 0.4484 0.375 0.01146 0.04907
1 0.4 0.8667 0.03177 0.1259
1 0.1724 0.5898 0.01615 0.08611
3 0.09531 0.4037 0.01302 0.0537
