1 0.699 0.5694 0.01875 0.09907
1 0.2953 0.5139 0.025 0.08704
1 0.5583 0.7593 0.03542 0.1278
1 0.9135 0.5028 0.01719 0.09352
1 0.7167 0.5676 0.02656 0.09815
1 0.7292 0.4343 0.02917 0.07593
1 0.4745 0.3824 0.02083 0.06296
1 0.9849 0.513 0.02708 0.09167
1 0.9917 0.3722 0.01615 0.06852
1 0.7401 0.3148 0.01406 0.05185
2 0.775 0.4139 0.01823 0.07778
1 0.5745 0.4037 0.01771 0.07778
1 0.2734 0.4861 0.01719 0.08796
2 0.2865 0.2824 0.0125 0.04537
0 0.2599 0.5148 0.00625 0.01111
1 0.163 0.3963 0.02344 0.07222
1 0.25 0.9574 0.03229 0.08333
