1 0.8422 0.5889 0.01979 0.0787
1 0.2156 0.45 0.01823 0.06019
1 0.2932 0.5667 0.02135 0.07778
1 0.6438 0.5824 0.02083 0.06481
1 0.8578 0.4593 0.01458 0.06759
1 0.5161 0.3954 0.0125 0.05093
1 0.8552 0.3602 0.01094 0.03796
2 0.9333 0.4667 0.02083 0.06019
1 0.8365 0.4426 0.01458 0.05556
1 0.5875 0.4731 0.0151 0.06204
2 0.5573 0.3185 0.008854 0.03241
0 0.1333 0.4324 0.004687 0.007407
1 0.5031 0.3833 0.01146 0.04352
1 0.4328 0.8676 0.02917 0.1287
1 0.1677 0.5824 0.02187 0.08704
3 0.137 0.4343 0.01823 0.05185
