1 0.6047 0.6991 0.03385 0.1167
1 0.4328 0.5907 0.03698 0.09352
1 0.07865 0.7519 0.03229 0.1185
1 0.7078 0.4398 0.02396 0.07685
1 0.4 0.3833 0.01719 0.06852
1 0.5734 0.4917 0.01823 0.08611
1 0.4135 0.6074 0.04219 0.07315
1 0.3068 0.488 0.02865 0.08519
1 0.7792 0.5037 0.01771 0.08889
1 0.3714 0.4833 0.02292 0.0787
2 0.2641 0.5074 0.02135 0.08796
1 0.4177 0.65 0.0474 0.1083
1 0.1833 0.5222 0.01875 0.08519
1 0.06563 0.7926 0.0375 0.1315
1 0.825 0.7389 0.03854 0.1241
1 0.8641 0.5269 0.03125 0.09167
3 0.962 0.3296 0.01615 0.06296
