1 0.5859 0.7065 0.02708 0.1213
1 0.4427 0.6093 0.03281 0.09722
1 0.02344 0.7583 0.02552 0.07593
1 0.6818 0.4398 0.01927 0.07963
1 0.3641 0.387 0.01562 0.06852
1 0.5427 0.5009 0.01719 0.08611
1 0.387 0.6444 0.02969 0.08889
1 0.2573 0.4963 0.03073 0.08519
1 0.749 0.5037 0.02135 0.08889
1 0.3307 0.488 0.02552 0.08333
2 0.2271 0.512 0.02135 0.09259
1 0.4005 0.6639 0.03802 0.1074
1 0.151 0.5287 0.02552 0.08426
1 0.02187 0.8176 0.03646 0.1259
1 0.8208 0.7361 0.02292 0.1231
1 0.851 0.5278 0.0276 0.08704
3 0.926 0.3269 0.01979 0.06296
