1 0.8089 0.5926 0.02292 0.08333
1 0.1401 0.4389 0.02083 0.06111
1 0.274 0.5593 0.02344 0.06204
1 0.9766 0.5824 0.02187 0.08426
1 0.6021 0.6074 0.01875 0.07593
1 0.8594 0.4537 0.01302 0.06481
1 0.4901 0.3787 0.01146 0.05185
1 0.8354 0.3509 0.01198 0.04074
2 0.9078 0.4583 0.01667 0.06389
1 0.824 0.4333 0.01406 0.06111
1 0.5521 0.4676 0.01406 0.05926
2 0.5693 0.3009 0.007812 0.03241
0 0.1682 0.2769 0.005208 0.009259
1 0.4776 0.3694 0.01094 0.04907
1 0.4125 0.8593 0.03073 0.1296
1 0.1688 0.5787 0.02292 0.08889
3 0.1177 0.4093 0.01406 0.06204
