1 0.8297 0.5796 0.02448 0.07778
1 0.3161 0.4815 0.02344 0.06667
1 0.3469 0.662 0.03281 0.08796
1 0.9635 0.5287 0.02031 0.0713
1 0.7188 0.5741 0.02969 0.07593
1 0.6854 0.4509 0.01979 0.06389
1 0.4313 0.4231 0.01667 0.05926
1 0.7625 0.3583 0.01146 0.04352
2 0.9359 0.4676 0.02292 0.06574
1 0.7057 0.4426 0.01615 0.06667
1 0.5062 0.475 0.01875 0.06944
2 0.4151 0.3333 0.01198 0.03704
0 0.1411 0.4778 0.005208 0.007407
1 0.3937 0.4204 0.01927 0.0537
1 0.4073 0.9231 0.04323 0.1361
1 0.01406 0.5685 0.02135 0.08796
