1 0.6333 0.7259 0.03958 0.1056
1 0.437 0.625 0.0276 0.1019
1 0.08125 0.6111 0.02969 0.09722
1 0.6578 0.4065 0.02344 0.07315
1 0.4911 0.3472 0.0151 0.06574
1 0.476 0.5676 0.03333 0.0963
1 0.2974 0.5944 0.025 0.1019
1 0.2958 0.4472 0.01979 0.08333
1 0.08281 0.3546 0.01562 0.06481
1 0.6995 0.4454 0.02708 0.075
1 0.425 0.3806 0.01927 0.07222
1 0.04844 0.3824 0.01875 0.06204
2 0.3042 0.4176 0.025 0.07222
1 0.2172 0.4343 0.02656 0.08148
1 0.05312 0.6231 0.03177 0.1074
2 0.1536 0.2046 0.01094 0.03426
0 0.8401 0.6269 0.009896 0.01574
1 0.01198 0.6944 0.02396 0.1222
1 0.7859 0.6898 0.04948 0.1
1 0.8125 0.5352 0.03281 0.09074
