1 0.7536 0.9139 0.06823 0.1694
1 0.5625 0.575 0.02604 0.1176
1 0.4297 0.5324 0.04479 0.1083
1 0.6505 0.7204 0.04479 0.1306
1 0.9797 0.3213 0.02448 0.0787
1 0.812 0.4657 0.02552 0.09722
1 0.7688 0.5417 0.0349 0.1009
1 0.625 0.387 0.01823 0.08889
1 0.4932 0.3333 0.01927 0.06944
1 0.637 0.4722 0.03385 0.09167
1 0.6818 0.312 0.02865 0.06759
1 0.5875 0.2685 0.01354 0.05833
2 0.5547 0.3602 0.02031 0.075
1 0.4068 0.3824 0.01875 0.08981
1 0.1625 0.4593 0.03021 0.09537
2 0.1443 0.2463 0.01458 0.05556
0 0.1635 0.4861 0.006771 0.01111
