1 0.4891 0.8704 0.06615 0.1611
1 0.487 0.5889 0.01771 0.113
1 0.512 0.5778 0.02604 0.1222
1 0.6656 0.6898 0.02292 0.1333
1 0.9906 0.4157 0.01562 0.09352
1 0.8943 0.338 0.01771 0.07407
1 0.8057 0.4796 0.02448 0.07778
1 0.7453 0.5444 0.02135 0.1056
1 0.5708 0.3898 0.01719 0.07963
1 0.5135 0.3435 0.01146 0.06944
1 0.5234 0.4787 0.01771 0.09537
1 0.4953 0.3287 0.01562 0.06852
1 0.4922 0.2833 0.01198 0.05278
2 0.4411 0.363 0.02396 0.07407
1 0.3391 0.4065 0.02083 0.08796
1 0.1349 0.4722 0.01458 0.1009
2 0.1052 0.2667 0.01354 0.0537
0 0.5016 0.5148 0.00625 0.01019
