1 0.8755 0.588 0.02396 0.08148
1 0.3417 0.4806 0.02031 0.06574
1 0.3453 0.6398 0.03073 0.08889
1 0.7411 0.5769 0.02813 0.07407
1 0.7328 0.4583 0.01875 0.06296
1 0.4771 0.4269 0.01562 0.05648
1 0.8078 0.3639 0.01354 0.04259
2 0.9854 0.4759 0.02708 0.06481
1 0.763 0.4481 0.01458 0.06481
1 0.5687 0.4778 0.01667 0.06667
2 0.4672 0.3361 0.01354 0.03611
0 0.1339 0.4833 0.005208 0.007407
1 0.4526 0.4176 0.0151 0.05648
1 0.4339 0.9111 0.0276 0.1352
1 0.09167 0.5704 0.01979 0.08519
3 0.006771 0.4537 0.01354 0.06574
