1 0.8917 0.9194 0.05885 0.1593
1 0.5974 0.5731 0.02448 0.1176
1 0.387 0.5157 0.03438 0.1083
1 0.6328 0.725 0.04688 0.1389
1 0.8307 0.4694 0.01875 0.1
1 0.774 0.5463 0.03698 0.09722
1 0.6724 0.388 0.01875 0.08889
1 0.4885 0.337 0.02656 0.07315
1 0.7115 0.4759 0.0375 0.1
1 0.7625 0.3213 0.02448 0.075
1 0.637 0.2731 0.01667 0.05833
2 0.6047 0.3694 0.01927 0.07685
1 0.4479 0.3824 0.01771 0.08796
1 0.188 0.4611 0.02396 0.09352
2 0.1719 0.2472 0.01615 0.05556
0 0.1833 0.488 0.006771 0.01111
1 0.01823 0.3889 0.02187 0.09074
