1 0.5427 0.6787 0.03125 0.09352
1 0.5932 0.5657 0.02708 0.08148
1 0.0974 0.4852 0.01823 0.08426
1 0.3292 0.612 0.01875 0.0713
1 0.8807 0.4546 0.02448 0.07407
1 0.7698 0.3815 0.01354 0.06204
1 0.6188 0.5806 0.02708 0.08981
1 0.4573 0.6009 0.02187 0.09352
1 0.5443 0.4907 0.02292 0.08148
1 0.3354 0.363 0.01146 0.05833
1 0.9167 0.4889 0.0224 0.08148
1 0.6849 0.413 0.01875 0.07315
1 0.3302 0.3741 0.0125 0.05741
2 0.5281 0.45 0.01615 0.07685
1 0.4568 0.4435 0.01979 0.07593
1 0.3276 0.5787 0.04583 0.08981
2 0.4073 0.237 0.009896 0.03426
0 0.4609 0.4176 0.01094 0.01667
1 0.1948 0.4704 0.02448 0.075
1 0.3078 0.613 0.02344 0.0787
1 0.2484 0.5546 0.02604 0.08611
1 0.751 0.6963 0.03125 0.07963
1 0.9391 0.588 0.02292 0.09259
