1 0.5307 0.7861 0.04479 0.1398
1 0.3922 0.6176 0.03021 0.08981
1 0.5563 0.4435 0.02031 0.08333
1 0.2135 0.3991 0.01719 0.075
1 0.4188 0.5398 0.01823 0.09537
1 0.1828 0.7241 0.04896 0.1065
1 0.04531 0.4991 0.01927 0.06944
1 0.6255 0.5009 0.02187 0.09167
1 0.1672 0.5019 0.0276 0.09259
2 0.05521 0.5278 0.025 0.09537
1 0.0875 0.7472 0.05677 0.1241
0 0.387 0.7417 0.01406 0.01667
1 0.8068 0.7472 0.03177 0.1194
1 0.7792 0.5269 0.02292 0.09352
3 0.8036 0.3176 0.01771 0.06389
2 0.9917 0.6935 0.01562 0.1185
