1 0.8818 0.5981 0.01562 0.08056
1 0.3083 0.4787 0.02969 0.06574
1 0.3063 0.6009 0.0224 0.0787
1 0.7104 0.5759 0.0276 0.07963
1 0.8031 0.4648 0.01354 0.06667
1 0.5161 0.4204 0.01406 0.05278
1 0.8458 0.3704 0.01458 0.03889
2 0.9839 0.4806 0.01667 0.06481
1 0.8198 0.4528 0.01406 0.06389
1 0.6141 0.4833 0.02031 0.06667
2 0.5115 0.338 0.009375 0.03241
0 0.1089 0.4722 0.005208 0.007407
1 0.5042 0.4046 0.009375 0.0537
1 0.4427 0.8861 0.03958 0.1269
1 0.1594 0.5806 0.01875 0.08519
3 0.1078 0.4491 0.01771 0.05278
