1 0.8974 0.9185 0.0599 0.1611
1 0.599 0.5741 0.02448 0.1176
1 0.3844 0.5157 0.03385 0.1083
1 0.6328 0.725 0.0474 0.138
1 0.8318 0.4694 0.01875 0.1
1 0.7729 0.5472 0.03594 0.09815
1 0.6755 0.3889 0.01979 0.08796
1 0.4875 0.337 0.025 0.07222
1 0.7167 0.4769 0.0349 0.1
1 0.7661 0.3204 0.02448 0.075
1 0.6396 0.2722 0.01615 0.05833
2 0.6078 0.3694 0.01979 0.07778
1 0.45 0.3824 0.01771 0.08796
1 0.1896 0.462 0.02396 0.09352
2 0.1734 0.2472 0.01615 0.05556
0 0.1844 0.4898 0.006771 0.01111
1 0.01979 0.388 0.02187 0.08981
