1 0.5734 0.6917 0.04375 0.1204
1 0.4177 0.5741 0.03021 0.112
1 0.3708 0.662 0.0349 0.1241
1 0.9073 0.4167 0.03021 0.09167
1 0.5781 0.3556 0.01667 0.07222
1 0.7219 0.4963 0.02552 0.09352
1 0.6448 0.5981 0.04844 0.05648
1 0.4172 0.4444 0.01979 0.04167
1 0.2167 0.3602 0.02083 0.07407
1 0.9552 0.4991 0.03281 0.09722
1 0.6089 0.4611 0.03021 0.09074
2 0.4432 0.4657 0.025 0.09444
1 0.09844 0.3907 0.01771 0.07222
1 0.1844 0.5444 0.03073 0.1074
2 0.1255 0.1972 0.008854 0.04259
0 0.4115 0.6324 0.009896 0.01296
1 0.4234 0.5037 0.03229 0.1037
1 0.04271 0.7417 0.03177 0.1454
1 0.7641 0.7454 0.0276 0.1185
1 0.9141 0.5463 0.0276 0.1
