1 0.7208 0.7444 0.04167 0.1167
1 0.4057 0.6722 0.04271 0.1093
1 0.5417 0.412 0.02187 0.06944
1 0.3234 0.3676 0.01771 0.0713
1 0.4089 0.5796 0.03385 0.09815
1 0.163 0.65 0.02813 0.1056
1 0.1479 0.4704 0.02656 0.08611
1 0.5885 0.4537 0.02448 0.08056
1 0.2568 0.4065 0.01719 0.07685
2 0.1844 0.4417 0.02083 0.08148
1 0.05521 0.4685 0.02448 0.08704
0 0.8547 0.7167 0.009375 0.01574
1 0.8339 0.7167 0.03073 0.1009
1 0.7427 0.5259 0.02969 0.08981
3 0.962 0.3157 0.02292 0.06019
2 0.9906 0.7898 0.01823 0.1185
