1 0.5979 0.7046 0.03854 0.1148
1 0.4302 0.6 0.0375 0.09444
1 0.06458 0.7611 0.03073 0.1213
1 0.6979 0.4407 0.025 0.07685
1 0.388 0.3843 0.01562 0.06852
1 0.5625 0.4917 0.01719 0.08611
1 0.4062 0.6083 0.04219 0.08611
1 0.288 0.4898 0.02865 0.08796
1 0.7693 0.5037 0.0151 0.08889
1 0.3573 0.4833 0.02292 0.0787
2 0.2521 0.5102 0.02135 0.08796
1 0.4125 0.6528 0.04948 0.112
1 0.1719 0.5241 0.01875 0.08519
1 0.05156 0.8 0.03698 0.1306
1 0.8224 0.7435 0.04792 0.1231
1 0.8594 0.5259 0.0349 0.09074
3 0.95 0.3287 0.0125 0.06296
