1 0.4833 0.8769 0.05417 0.1565
1 0.488 0.5889 0.01875 0.113
1 0.5094 0.5769 0.02708 0.1176
1 0.663 0.6907 0.02552 0.1333
1 0.9901 0.4139 0.01562 0.09352
1 0.8911 0.338 0.01979 0.07407
1 0.8052 0.4769 0.02656 0.08148
1 0.7417 0.5454 0.01927 0.1037
1 0.5635 0.3889 0.01979 0.07963
1 0.5115 0.3398 0.01198 0.06759
1 0.5208 0.4769 0.025 0.09352
1 0.4958 0.3287 0.02135 0.06296
1 0.4922 0.2833 0.01198 0.0537
2 0.4505 0.3639 0.025 0.07315
1 0.337 0.4037 0.02031 0.08704
1 0.1344 0.4704 0.01458 0.1009
2 0.1052 0.2648 0.01406 0.0537
0 0.5016 0.5139 0.005729 0.01019
