1 0.6297 0.687 0.04688 0.1204
1 0.424 0.5537 0.02656 0.09074
1 0.2958 0.6815 0.03125 0.1269
1 0.8729 0.425 0.0224 0.08981
1 0.5583 0.3722 0.02187 0.075
1 0.7021 0.4898 0.03229 0.09259
1 0.5906 0.5981 0.03802 0.05093
1 0.4094 0.4972 0.02187 0.09722
1 0.1932 0.3741 0.01667 0.07407
1 0.9578 0.5065 0.03021 0.09815
1 0.5786 0.4778 0.02396 0.09815
2 0.4182 0.4556 0.0224 0.06481
1 0.09427 0.4111 0.01615 0.075
1 0.2505 0.5593 0.03802 0.112
2 0.1062 0.212 0.01146 0.04259
0 0.3901 0.6028 0.007812 0.01296
1 0.4313 0.5343 0.02813 0.09907
1 0.1 0.7435 0.04063 0.1324
1 0.8089 0.7083 0.03594 0.1065
1 0.9141 0.5315 0.02969 0.09815
