1 0.599 0.7194 0.0375 0.09907
1 0.4526 0.6093 0.03333 0.1037
1 0.1469 0.5722 0.01979 0.05648
1 0.7141 0.412 0.02344 0.07685
1 0.562 0.3463 0.01667 0.06667
1 0.5036 0.5685 0.02917 0.09259
1 0.3469 0.587 0.02448 0.09537
1 0.3547 0.45 0.02187 0.08519
1 0.1526 0.3472 0.01146 0.06481
1 0.7531 0.4472 0.01979 0.07778
1 0.4938 0.3787 0.01719 0.0713
1 0.1193 0.3731 0.0224 0.06019
2 0.3542 0.4157 0.01823 0.06204
1 0.2786 0.4269 0.0151 0.0787
1 0.1589 0.6213 0.04271 0.09444
2 0.2177 0.2056 0.008333 0.03333
0 0.8099 0.6565 0.01094 0.01574
1 0.025 0.4806 0.0276 0.08241
1 0.07865 0.6713 0.04948 0.1167
1 0.01302 0.55 0.01667 0.09259
1 0.7719 0.6926 0.05 0.1028
1 0.8448 0.5444 0.0349 0.09259
