1 0.4234 0.7685 0.03125 0.1204
1 0.5542 0.6315 0.03021 0.09259
1 0.7214 0.4315 0.01875 0.06944
1 0.5943 0.3657 0.01771 0.05741
1 0.4609 0.6009 0.0276 0.09815
1 0.06927 0.7861 0.04688 0.1222
1 0.399 0.4796 0.02031 0.07685
1 0.05573 0.3722 0.01562 0.05463
1 0.7406 0.462 0.01823 0.06574
1 0.5365 0.3889 0.01458 0.05926
1 0.2031 0.3472 0.01354 0.04537
2 0.3839 0.4519 0.01927 0.0713
1 0.3036 0.4398 0.01979 0.07315
1 0.15 0.538 0.03021 0.08426
2 0.1672 0.2611 0.006771 0.03148
0 0.6995 0.5824 0.006771 0.01111
1 0.0125 0.4167 0.01615 0.06389
1 0.02969 0.7481 0.04323 0.09907
1 0.512 0.7574 0.03646 0.1074
1 0.7495 0.5426 0.02396 0.08148
