1 0.5417 0.6806 0.03125 0.09074
1 0.5901 0.5667 0.02813 0.08148
1 0.09844 0.4861 0.01875 0.08519
1 0.3297 0.6111 0.01927 0.07407
1 0.8797 0.4537 0.02396 0.075
1 0.7682 0.3815 0.01562 0.06296
1 0.6177 0.5806 0.02708 0.09074
1 0.4568 0.6 0.02187 0.09259
1 0.5432 0.4907 0.02292 0.08148
1 0.3349 0.3639 0.01146 0.05833
1 0.9161 0.4889 0.0224 0.08056
1 0.6844 0.413 0.01875 0.07315
1 0.3286 0.375 0.01406 0.05741
2 0.5271 0.4509 0.01562 0.07685
1 0.4552 0.4435 0.01979 0.075
1 0.3281 0.5815 0.04531 0.09167
2 0.4068 0.237 0.009896 0.03426
0 0.4724 0.4157 0.01094 0.01667
1 0.1927 0.4722 0.02448 0.075
1 0.3068 0.612 0.02292 0.07963
1 0.2448 0.5546 0.02708 0.08611
1 0.75 0.6972 0.03229 0.07963
1 0.9391 0.587 0.02344 0.09259
