1 0.613 0.6472 0.02813 0.09907
1 0.5458 0.5583 0.01979 0.08704
1 0.2094 0.5204 0.02135 0.08796
1 0.5432 0.6093 0.02344 0.09259
1 0.925 0.438 0.02292 0.07315
1 0.6635 0.3778 0.01615 0.06019
1 0.7818 0.5037 0.01823 0.08241
1 0.7302 0.5759 0.02969 0.0537
1 0.5411 0.4602 0.01406 0.07593
1 0.3953 0.375 0.01302 0.05833
1 0.938 0.5056 0.02135 0.08056
1 0.688 0.4556 0.01979 0.07593
1 0.2062 0.4685 0.01458 0.07593
2 0.5661 0.4685 0.02083 0.07222
1 0.3115 0.387 0.01458 0.05648
1 0.338 0.5194 0.02396 0.08333
2 0.3323 0.2546 0.007812 0.03611
0 0.6224 0.6093 0.009896 0.01296
1 0.5271 0.4769 0.02187 0.07685
1 0.2448 0.65 0.0224 0.1037
1 0.1354 0.5463 0.02031 0.09167
1 0.774 0.7185 0.02552 0.1037
1 0.9135 0.5556 0.02813 0.08426
