1 0.524 0.6889 0.02552 0.1019
1 0.6344 0.5602 0.02344 0.07593
1 0.2062 0.6278 0.02187 0.0963
1 0.8453 0.4565 0.01771 0.07222
1 0.7214 0.3861 0.02031 0.05648
1 0.6219 0.575 0.02396 0.08241
1 0.3453 0.6731 0.02344 0.1083
1 0.5078 0.5028 0.02292 0.08148
1 0.2281 0.3787 0.0151 0.05833
1 0.8568 0.5019 0.02031 0.0787
1 0.6167 0.4278 0.02135 0.07037
1 0.2812 0.3778 0.01458 0.04259
2 0.4729 0.4685 0.02135 0.07407
1 0.4313 0.4593 0.01979 0.07593
1 0.2917 0.588 0.03281 0.08796
2 0.3276 0.2602 0.009375 0.03241
0 0.4115 0.2556 0.008854 0.01389
1 0.1677 0.4565 0.02187 0.06667
1 0.249 0.6667 0.02552 0.09537
1 0.1531 0.6213 0.03281 0.09722
1 0.7422 0.7444 0.03802 0.112
1 0.9 0.5944 0.03073 0.09074
