1 0.5104 0.7824 0.04948 0.1194
1 0.5828 0.675 0.04479 0.09907
1 0.1193 0.6 0.02969 0.09537
1 0.8812 0.425 0.02865 0.06574
1 0.7745 0.3583 0.02083 0.05648
1 0.5521 0.6167 0.03802 0.08241
1 0.1401 0.7769 0.05365 0.1111
1 0.5437 0.4509 0.02344 0.075
1 0.2437 0.337 0.01146 0.05093
1 0.9089 0.4491 0.02604 0.06759
1 0.7141 0.3657 0.02135 0.05093
1 0.4208 0.3111 0.01667 0.04074
2 0.5661 0.4306 0.01823 0.06574
1 0.4635 0.4083 0.025 0.06759
1 0.2708 0.4963 0.02344 0.08241
2 0.3469 0.2361 0.007292 0.02778
0 0.6781 0.6593 0.009375 0.01389
1 0.1776 0.3676 0.01875 0.05648
1 0.224 0.6907 0.02396 0.1019
1 0.009375 0.6019 0.01823 0.09074
1 0.5667 0.7574 0.04167 0.1
1 0.9411 0.5148 0.03281 0.06481
