1 0.7286 0.7602 0.02187 0.1074
1 0.7042 0.6324 0.02292 0.09722
1 0.2146 0.587 0.02031 0.09167
1 0.9849 0.3935 0.01198 0.06019
1 0.7635 0.6093 0.02292 0.09259
1 0.325 0.7426 0.02813 0.1194
1 0.7161 0.4546 0.0151 0.075
1 0.3781 0.3537 0.01094 0.05093
1 0.9057 0.3944 0.01458 0.06204
1 0.6385 0.3296 0.01354 0.04259
2 0.7526 0.4519 0.01615 0.07037
1 0.6651 0.4231 0.01406 0.06667
1 0.4276 0.4833 0.01823 0.07685
2 0.4938 0.2648 0.008854 0.03426
0 0.3432 0.5954 0.01198 0.02037
1 0.3406 0.3639 0.01406 0.0537
1 0.3396 0.7417 0.02813 0.125
1 0.1349 0.5898 0.025 0.09722
3 0.02135 0.3769 0.01562 0.05833
1 0.7396 0.7852 0.03177 0.1167
