1 0.6552 0.9019 0.06198 0.1537
1 0.5302 0.575 0.02396 0.113
1 0.4521 0.5472 0.04271 0.112
1 0.6547 0.7102 0.03438 0.1398
1 0.9333 0.3222 0.0224 0.075
1 0.8 0.4593 0.01458 0.1028
1 0.7526 0.5528 0.03542 0.07963
1 0.5786 0.3889 0.02813 0.07963
1 0.4969 0.3296 0.0224 0.06296
1 0.5703 0.4694 0.03229 0.08981
1 0.6109 0.3093 0.03229 0.06481
1 0.5422 0.2722 0.01771 0.0537
2 0.5151 0.3565 0.01458 0.07778
1 0.3719 0.387 0.02135 0.08519
1 0.1479 0.4583 0.02604 0.09444
2 0.1229 0.2491 0.01406 0.05556
0 0.2016 0.4954 0.01042 0.01019
