1 0.6307 0.725 0.0375 0.1037
1 0.4385 0.6231 0.02917 0.1019
1 0.08177 0.6111 0.02969 0.09722
1 0.6641 0.4056 0.02344 0.07407
1 0.4979 0.3472 0.0151 0.06667
1 0.4786 0.5685 0.03177 0.09537
1 0.3026 0.5935 0.025 0.1019
1 0.3021 0.4472 0.01823 0.08333
1 0.09115 0.3537 0.01667 0.06389
1 0.7042 0.4463 0.02708 0.075
1 0.4318 0.3796 0.01927 0.07222
1 0.05625 0.3815 0.01823 0.06204
2 0.3078 0.4157 0.02552 0.0713
1 0.2234 0.4333 0.02604 0.08148
1 0.05417 0.6222 0.03125 0.1074
2 0.1604 0.2056 0.009896 0.03519
0 0.8375 0.625 0.01042 0.01574
1 0.01198 0.6944 0.02396 0.1222
1 0.7839 0.6907 0.04844 0.1
1 0.8151 0.5352 0.03438 0.08981
