1 0.4703 0.775 0.04792 0.1176
1 0.5646 0.6685 0.04688 0.09167
1 0.07396 0.6111 0.02292 0.09815
1 0.8182 0.4176 0.02448 0.06481
1 0.7042 0.3556 0.02448 0.05093
1 0.513 0.6139 0.03385 0.08889
1 0.1104 0.7759 0.0526 0.1176
1 0.4938 0.4546 0.02135 0.07685
1 0.1849 0.338 0.009896 0.05093
1 0.8422 0.4454 0.03177 0.06389
1 0.6552 0.3611 0.01458 0.05556
1 0.351 0.313 0.01458 0.04074
2 0.4995 0.4287 0.01667 0.06296
1 0.4031 0.4074 0.02396 0.06852
1 0.2229 0.5009 0.02813 0.08148
2 0.2854 0.2361 0.009896 0.03056
0 0.6802 0.5769 0.006771 0.01389
1 0.1214 0.3731 0.02083 0.05833
1 0.1661 0.688 0.02083 0.1046
1 0.5302 0.7481 0.04583 0.1
1 0.874 0.5102 0.02187 0.06667
