1 0.5349 0.7176 0.04531 0.09352
1 0.5177 0.5935 0.03229 0.08519
1 0.07448 0.4981 0.01875 0.08889
1 0.2844 0.6037 0.02292 0.09537
1 0.837 0.4454 0.02135 0.0787
1 0.7016 0.3769 0.01667 0.06389
1 0.5724 0.5907 0.02396 0.09352
1 0.4375 0.5991 0.0224 0.09537
1 0.4911 0.4815 0.02031 0.08519
1 0.2833 0.362 0.01302 0.06019
1 0.8719 0.4815 0.02292 0.08056
1 0.6328 0.4056 0.01875 0.0713
1 0.2516 0.3833 0.0151 0.06019
2 0.4693 0.4426 0.01667 0.07778
1 0.4036 0.4435 0.02448 0.075
1 0.2896 0.65 0.04167 0.05463
2 0.3479 0.2278 0.006771 0.03426
0 0.6552 0.5009 0.01094 0.01574
1 0.1297 0.4824 0.02083 0.08426
1 0.2281 0.6343 0.02917 0.09352
1 0.1422 0.55 0.02604 0.08241
1 0.7432 0.7093 0.04167 0.08704
1 0.912 0.5787 0.03385 0.1
