1 0.5953 0.688 0.03958 0.1231
1 0.4 0.5602 0.02552 0.09722
1 0.3042 0.6796 0.02813 0.1269
1 0.8672 0.4194 0.02552 0.09352
1 0.549 0.3667 0.01719 0.07315
1 0.6958 0.4889 0.01979 0.09537
1 0.5922 0.5972 0.03854 0.05556
1 0.3964 0.4898 0.01823 0.1
1 0.1818 0.3685 0.01875 0.075
1 0.9427 0.5 0.03021 0.1
1 0.5755 0.4694 0.02344 0.1
2 0.4104 0.4648 0.02344 0.08796
1 0.07344 0.4028 0.01615 0.075
1 0.2109 0.5556 0.03594 0.1139
2 0.09115 0.2056 0.01146 0.04444
0 0.3786 0.6148 0.007812 0.01296
1 0.4135 0.5287 0.03021 0.09815
1 0.05781 0.75 0.03438 0.137
1 0.7792 0.712 0.04271 0.1148
1 0.9005 0.5352 0.02917 0.1019
