1 0.8901 0.5926 0.02604 0.08426
1 0.3464 0.4806 0.02135 0.06389
1 0.3401 0.6306 0.04063 0.08519
1 0.7427 0.5778 0.02604 0.07315
1 0.7604 0.4602 0.01667 0.06667
1 0.4964 0.4269 0.01927 0.05648
1 0.8281 0.3639 0.01094 0.04259
2 0.9927 0.4722 0.01302 0.04907
1 0.7865 0.4509 0.01875 0.06204
1 0.5964 0.4824 0.01875 0.06389
2 0.4891 0.338 0.01094 0.03611
0 0.1318 0.4796 0.005208 0.007407
1 0.4797 0.4167 0.01146 0.05463
1 0.4422 0.9074 0.02969 0.1352
1 0.1266 0.5722 0.02448 0.08241
3 0.04375 0.4528 0.01719 0.06019
