1 0.5365 0.7167 0.04063 0.09074
1 0.5193 0.5935 0.03281 0.08519
1 0.07865 0.4991 0.02187 0.08889
1 0.2859 0.6037 0.02292 0.09444
1 0.8385 0.4463 0.02083 0.0787
1 0.7078 0.3778 0.01667 0.06389
1 0.5734 0.5917 0.02344 0.09352
1 0.4391 0.6 0.0224 0.09537
1 0.4932 0.4824 0.02031 0.08519
1 0.288 0.363 0.01302 0.06019
1 0.8734 0.4824 0.02292 0.08056
1 0.6344 0.4065 0.01875 0.0713
1 0.2578 0.3852 0.01458 0.06019
2 0.4714 0.4435 0.01667 0.07778
1 0.4052 0.4444 0.02448 0.075
1 0.2911 0.65 0.04115 0.05556
2 0.3526 0.2278 0.006771 0.03426
0 0.6464 0.4898 0.01094 0.01574
1 0.1339 0.4824 0.02031 0.08426
1 0.2307 0.6343 0.02552 0.09352
1 0.1479 0.5509 0.02604 0.08889
1 0.7427 0.7093 0.04219 0.08704
1 0.913 0.5796 0.03385 0.1
