1 0.4828 0.7231 0.03594 0.09815
1 0.6219 0.5824 0.03229 0.07037
1 0.03958 0.6398 0.02396 0.0963
1 0.7896 0.4602 0.025 0.06574
1 0.6318 0.3778 0.0151 0.05648
1 0.5333 0.5731 0.02344 0.07778
1 0.2198 0.7704 0.04167 0.1213
1 0.4391 0.5065 0.02708 0.08056
1 0.08385 0.3843 0.02083 0.05648
1 0.7698 0.4981 0.01979 0.08056
1 0.5448 0.4259 0.02031 0.06944
1 0.1771 0.3731 0.01354 0.0537
2 0.3922 0.4713 0.01823 0.07222
1 0.363 0.4676 0.02656 0.06944
1 0.2453 0.5676 0.03854 0.07963
2 0.201 0.2648 0.01198 0.03333
0 0.5437 0.2556 0.008333 0.01574
1 0.06719 0.4463 0.03021 0.06296
1 0.1396 0.7444 0.04115 0.1019
1 0.649 0.7759 0.03385 0.1241
1 0.8104 0.5731 0.03281 0.08704
