1 0.8271 0.587 0.02187 0.08148
1 0.1839 0.4426 0.02292 0.06111
1 0.2932 0.5565 0.02396 0.07685
1 0.6271 0.5898 0.0224 0.06944
1 0.8661 0.4556 0.01354 0.06574
1 0.5078 0.3833 0.009375 0.04815
1 0.8516 0.3519 0.01094 0.04167
2 0.9234 0.4583 0.01927 0.06019
1 0.8354 0.4352 0.0125 0.05741
1 0.5745 0.4648 0.01771 0.06389
2 0.5682 0.3065 0.009896 0.03426
0 0.1526 0.3491 0.005208 0.009259
1 0.4958 0.3741 0.01094 0.04444
1 0.4255 0.8657 0.03385 0.1324
1 0.1724 0.5778 0.0224 0.08704
3 0.1339 0.4204 0.02396 0.05463
