1 0.6536 0.6815 0.02083 0.1157
1 0.4448 0.5648 0.02448 0.05926
1 0.1854 0.7204 0.03229 0.125
1 0.775 0.4417 0.01875 0.08056
1 0.4839 0.387 0.01979 0.06574
1 0.6401 0.4898 0.02292 0.08426
1 0.4573 0.5861 0.04427 0.03981
1 0.4036 0.4963 0.03021 0.06944
1 0.112 0.4037 0.01719 0.06944
1 0.8505 0.5111 0.02396 0.09259
1 0.4521 0.4843 0.03125 0.08333
2 0.3432 0.4972 0.01719 0.08889
1 0.04531 0.4565 0.01406 0.07593
1 0.4286 0.6278 0.04271 0.1065
2 0.05417 0.2454 0.01094 0.03889
0 0.3927 0.5796 0.006771 0.01296
1 0.2651 0.5176 0.04271 0.0787
1 0.1589 0.7509 0.03385 0.1231
1 0.8469 0.7343 0.03229 0.125
1 0.9036 0.5269 0.0349 0.09074
