1 0.6974 0.5704 0.02031 0.09907
1 0.2974 0.5148 0.02708 0.08796
1 0.5625 0.762 0.03177 0.1278
1 0.9141 0.5028 0.01719 0.09444
1 0.7172 0.5685 0.02917 0.09815
1 0.7323 0.4324 0.03073 0.07593
1 0.4755 0.3815 0.02031 0.06481
1 0.9812 0.512 0.03229 0.09167
1 0.9906 0.3722 0.01823 0.0713
1 0.7401 0.312 0.01354 0.05278
2 0.7724 0.413 0.01875 0.07778
1 0.5724 0.4028 0.01771 0.07778
1 0.2719 0.4861 0.01615 0.08889
2 0.2844 0.2815 0.01302 0.04537
0 0.2573 0.5157 0.006771 0.01111
1 0.1604 0.3963 0.02448 0.07222
1 0.2396 0.9574 0.03125 0.08333
