1 0.8672 0.5944 0.02344 0.08241
1 0.2771 0.4676 0.02813 0.06111
1 0.2979 0.587 0.0224 0.07593
1 0.6818 0.5769 0.02344 0.06852
1 0.8255 0.4667 0.01302 0.06574
1 0.5198 0.412 0.01198 0.05185
1 0.8531 0.3704 0.01146 0.03889
2 0.9646 0.475 0.02604 0.06389
1 0.8292 0.45 0.01615 0.05926
1 0.6099 0.4833 0.01979 0.06574
2 0.5271 0.3343 0.009375 0.02963
0 0.1214 0.4722 0.004687 0.006481
1 0.5089 0.3972 0.009375 0.0463
1 0.4354 0.8778 0.03594 0.1278
1 0.1672 0.5843 0.02083 0.08704
3 0.1255 0.4463 0.01927 0.04815
