1 0.8438 0.9176 0.06146 0.163
1 0.5865 0.575 0.02448 0.1176
1 0.4026 0.5213 0.04063 0.1093
1 0.6422 0.7204 0.03854 0.1361
1 0.8229 0.4676 0.02083 0.1
1 0.7703 0.5444 0.03177 0.1028
1 0.6573 0.3898 0.02083 0.08611
1 0.4906 0.337 0.02031 0.0713
1 0.6865 0.4759 0.03021 0.09537
1 0.7359 0.3176 0.02396 0.0713
1 0.6219 0.2722 0.01771 0.05833
2 0.588 0.3657 0.01927 0.07685
1 0.4349 0.3833 0.01823 0.08889
1 0.1792 0.4611 0.02708 0.09444
2 0.1635 0.2472 0.01615 0.05556
0 0.1771 0.487 0.006771 0.01111
1 0.008854 0.3926 0.01458 0.08796
