1 0.662 0.688 0.03802 0.1185
1 0.4432 0.5481 0.03073 0.09444
1 0.2885 0.6861 0.03021 0.1241
1 0.876 0.4343 0.01823 0.08889
1 0.5667 0.3778 0.0224 0.07315
1 0.712 0.4907 0.03073 0.09259
1 0.587 0.5972 0.03854 0.05093
1 0.425 0.5046 0.01979 0.09907
1 0.2062 0.3787 0.01823 0.07222
1 0.9698 0.5139 0.03021 0.0963
1 0.5797 0.4796 0.01667 0.09352
2 0.4271 0.4556 0.02135 0.05278
1 0.1146 0.4204 0.01615 0.075
1 0.2927 0.5704 0.03594 0.1028
2 0.1203 0.2185 0.008333 0.04167
0 0.4031 0.5898 0.007292 0.01111
1 0.4417 0.5352 0.02552 0.0963
1 0.1437 0.7343 0.03958 0.1296
1 0.8417 0.7046 0.03698 0.113
1 0.9359 0.5315 0.03177 0.09537
