1 0.6911 0.6889 0.03021 0.1139
1 0.4667 0.5778 0.03229 0.06389
1 0.2349 0.7056 0.03229 0.1185
1 0.8193 0.4463 0.0224 0.08333
1 0.5281 0.3898 0.02135 0.06759
1 0.6828 0.4944 0.02344 0.08426
1 0.5036 0.5963 0.05 0.04167
1 0.4255 0.5111 0.02917 0.08241
1 0.1651 0.4 0.01458 0.06944
1 0.9042 0.5185 0.02292 0.09259
1 0.5052 0.4843 0.02448 0.09352
2 0.3885 0.4972 0.01875 0.08889
1 0.09531 0.4472 0.01406 0.07037
1 0.4234 0.6176 0.03594 0.1
2 0.1016 0.2454 0.009375 0.03981
0 0.3969 0.5667 0.006771 0.01204
1 0.3312 0.5157 0.02813 0.08981
1 0.201 0.7407 0.03542 0.1213
1 0.8797 0.7278 0.03073 0.1185
1 0.9359 0.5352 0.0276 0.09537
