1 0.7344 0.763 0.0224 0.113
1 0.7078 0.6333 0.02396 0.09815
1 0.2156 0.587 0.02031 0.09074
1 0.9891 0.3944 0.01146 0.06019
1 0.7703 0.6102 0.02396 0.09259
1 0.3318 0.7398 0.02865 0.1194
1 0.7198 0.4546 0.0151 0.07407
1 0.3807 0.3546 0.01146 0.05093
1 0.9099 0.3954 0.0151 0.06204
1 0.6432 0.3306 0.01354 0.04259
2 0.7557 0.4528 0.01667 0.06944
1 0.6698 0.4241 0.01406 0.06667
1 0.4318 0.4824 0.01823 0.075
2 0.4964 0.2657 0.008333 0.03426
0 0.3318 0.5824 0.01146 0.02037
1 0.3438 0.3648 0.01354 0.0537
1 0.3406 0.7491 0.02813 0.125
1 0.137 0.5907 0.02448 0.09722
3 0.02344 0.3778 0.0151 0.05833
1 0.7479 0.7843 0.03333 0.1167
