1 0.7438 0.7676 0.02344 0.1222
1 0.7135 0.6333 0.025 0.09907
1 0.2172 0.588 0.01979 0.08889
1 0.9938 0.3954 0.01094 0.05833
1 0.7823 0.6102 0.02604 0.09167
1 0.3432 0.7361 0.02969 0.1194
1 0.726 0.4556 0.0151 0.07315
1 0.3839 0.3556 0.01198 0.05093
1 0.9172 0.3963 0.0151 0.06296
1 0.6521 0.3324 0.01406 0.04352
2 0.762 0.4546 0.01719 0.06852
1 0.6766 0.4241 0.01354 0.06667
1 0.437 0.4833 0.01719 0.07315
2 0.5005 0.2667 0.008333 0.03426
0 0.3125 0.5611 0.01042 0.0213
1 0.349 0.3648 0.01354 0.0537
1 0.3417 0.763 0.0276 0.1259
1 0.1396 0.5926 0.02344 0.09815
3 0.02813 0.3787 0.0151 0.05741
1 0.7609 0.7824 0.03542 0.1167
