1 0.7115 0.6917 0.03177 0.1102
1 0.4828 0.5519 0.02708 0.09074
1 0.005208 0.6111 0.01094 0.1213
1 0.2833 0.6898 0.02396 0.1222
1 0.8734 0.4444 0.01875 0.08704
1 0.5703 0.387 0.01615 0.07315
1 0.7219 0.4926 0.02292 0.08704
1 0.5703 0.5926 0.04167 0.04815
1 0.4344 0.5167 0.0224 0.09352
1 0.2141 0.3907 0.01562 0.06944
1 0.9714 0.5204 0.01823 0.09352
1 0.5646 0.488 0.01979 0.09167
2 0.4328 0.4759 0.01927 0.06481
1 0.137 0.4352 0.01302 0.0713
1 0.3828 0.5954 0.02969 0.1083
2 0.1417 0.2352 0.01094 0.03981
0 0.4307 0.5639 0.005729 0.01111
1 0.4193 0.5259 0.02917 0.08796
1 0.2125 0.7296 0.03073 0.1204
1 0.009375 0.563 0.01823 0.1019
1 0.8922 0.7148 0.02969 0.1148
1 0.9635 0.5333 0.02917 0.09259
