1 0.5099 0.7019 0.0276 0.1009
1 0.637 0.5722 0.02813 0.07222
1 0.1333 0.6343 0.02292 0.09722
1 0.8245 0.4583 0.01719 0.06389
1 0.6828 0.3852 0.01562 0.05741
1 0.5854 0.575 0.02396 0.08519
1 0.2896 0.7167 0.02604 0.112
1 0.4833 0.5065 0.03333 0.075
1 0.1641 0.3824 0.0125 0.05648
1 0.8198 0.5028 0.02031 0.07963
1 0.5859 0.4296 0.01615 0.07037
1 0.2359 0.3741 0.01302 0.05093
2 0.4396 0.4722 0.01927 0.07407
1 0.4073 0.4657 0.02552 0.07037
1 0.2828 0.5759 0.03385 0.07407
2 0.2708 0.2657 0.009896 0.03333
0 0.4844 0.212 0.008854 0.01296
1 0.1302 0.4546 0.02344 0.06204
1 0.2115 0.7009 0.05156 0.09352
1 0.06146 0.6287 0.0276 0.09907
1 0.7068 0.7667 0.03073 0.1167
1 0.8734 0.5898 0.03229 0.08148
