1 0.5568 0.7769 0.04219 0.1139
1 0.6036 0.675 0.04323 0.09537
1 0.1589 0.5991 0.02604 0.0963
1 0.9385 0.4361 0.02552 0.07222
1 0.8333 0.3704 0.01927 0.05833
1 0.5896 0.6259 0.03854 0.08241
1 0.1823 0.7722 0.0349 0.1231
1 0.5896 0.4593 0.02396 0.07315
1 0.2917 0.338 0.0125 0.05278
1 0.9688 0.462 0.0224 0.06944
1 0.7677 0.3731 0.02187 0.05648
1 0.4813 0.3157 0.0151 0.04167
2 0.6219 0.4361 0.01875 0.07222
1 0.5193 0.413 0.01927 0.06481
1 0.3135 0.4954 0.02292 0.075
2 0.3953 0.2444 0.006771 0.02593
0 0.6521 0.6222 0.009375 0.01389
1 0.2276 0.3676 0.01615 0.0537
1 0.2693 0.6991 0.03125 0.1028
1 0.04635 0.5926 0.02917 0.1
1 0.6005 0.7722 0.04167 0.1065
1 0.9875 0.5306 0.01302 0.06389
