1 0.6719 0.5778 0.0224 0.1093
1 0.3344 0.512 0.02865 0.08889
1 0.6167 0.7519 0.03073 0.1204
1 0.9057 0.4954 0.01719 0.1
1 0.7661 0.563 0.02396 0.0963
1 0.7568 0.4204 0.02917 0.0787
1 0.4943 0.362 0.01927 0.06944
1 0.8885 0.5009 0.02917 0.09907
1 0.9281 0.3463 0.02187 0.075
1 0.7328 0.2917 0.01354 0.05833
2 0.7188 0.3926 0.0224 0.0787
1 0.5365 0.3935 0.02187 0.08611
1 0.2469 0.487 0.03333 0.09444
2 0.2464 0.2648 0.01302 0.05185
0 0.2234 0.5259 0.006771 0.01111
1 0.1021 0.3944 0.02135 0.08333
1 0.08854 0.9787 0.03281 0.03796
