1 0.562 0.8889 0.05781 0.1509
1 0.5036 0.5796 0.02292 0.1157
1 0.475 0.5611 0.0375 0.1056
1 0.6536 0.7028 0.03542 0.1324
1 0.899 0.3287 0.0151 0.075
1 0.7937 0.4639 0.02552 0.09537
1 0.7406 0.5574 0.03906 0.06389
1 0.5578 0.388 0.01667 0.08056
1 0.5016 0.3352 0.02708 0.06019
1 0.5307 0.4704 0.02604 0.09167
1 0.5531 0.3157 0.02448 0.05926
1 0.5057 0.2787 0.01562 0.05093
2 0.4807 0.3574 0.01719 0.075
1 0.35 0.3907 0.01667 0.08704
1 0.1365 0.4639 0.01458 0.1009
2 0.1089 0.2546 0.01406 0.05463
0 0.3266 0.4981 0.01198 0.01019
