1 0.6589 0.7306 0.0474 0.1139
1 0.4255 0.6398 0.0276 0.1065
1 0.02396 0.6306 0.02552 0.1083
1 0.6193 0.4037 0.02552 0.07315
1 0.4391 0.35 0.0151 0.06667
1 0.4573 0.5676 0.03281 0.09907
1 0.2583 0.6065 0.02292 0.1065
1 0.2516 0.45 0.02604 0.08056
1 0.02656 0.362 0.01562 0.06481
1 0.6682 0.4444 0.02292 0.075
1 0.3729 0.3852 0.01719 0.07315
2 0.2714 0.4222 0.01927 0.07407
1 0.1693 0.4398 0.01927 0.08426
2 0.1016 0.2065 0.009896 0.03611
0 0.8536 0.6713 0.009375 0.01574
1 0.8063 0.6954 0.04531 0.1028
1 0.7901 0.5231 0.03438 0.08611
