1 0.6917 0.5704 0.01979 0.1037
1 0.3042 0.5194 0.0375 0.08796
1 0.5714 0.7565 0.03958 0.1296
1 0.9156 0.5037 0.01927 0.09444
1 0.7286 0.5639 0.0276 0.09815
1 0.7432 0.4269 0.03021 0.0787
1 0.4823 0.3722 0.01927 0.06759
1 0.9589 0.5083 0.03073 0.09537
1 0.9776 0.3657 0.02865 0.07315
1 0.7411 0.3074 0.01771 0.05278
2 0.7604 0.4046 0.01927 0.0787
1 0.5635 0.4019 0.01771 0.08148
1 0.2646 0.4852 0.025 0.09259
2 0.275 0.275 0.0125 0.04907
0 0.2474 0.5204 0.006771 0.01111
1 0.1443 0.3963 0.02083 0.07593
1 0.2016 0.9657 0.03125 0.06667
