1 0.488 0.8704 0.06458 0.163
1 0.4875 0.5889 0.01823 0.113
1 0.5109 0.5778 0.02604 0.1204
1 0.6651 0.6898 0.02292 0.1343
1 0.9901 0.4157 0.01562 0.09352
1 0.8927 0.3389 0.02031 0.07407
1 0.8052 0.4787 0.02396 0.0787
1 0.7448 0.5435 0.02135 0.1056
1 0.5682 0.3898 0.02135 0.07963
1 0.513 0.3435 0.01146 0.06944
1 0.5245 0.4778 0.01823 0.09444
1 0.4958 0.3269 0.01667 0.06759
1 0.4917 0.2833 0.01198 0.05278
2 0.4448 0.3639 0.025 0.07315
1 0.338 0.4046 0.02135 0.08704
1 0.1349 0.4713 0.01458 0.1009
2 0.1057 0.2667 0.01406 0.0537
0 0.501 0.5139 0.00625 0.01019
