1 0.8234 0.7667 0.025 0.1148
1 0.7469 0.6269 0.02813 0.09537
1 0.01719 0.4481 0.01562 0.06574
1 0.2297 0.5806 0.02083 0.08056
1 0.8469 0.6065 0.02187 0.08889
1 0.4432 0.7065 0.03177 0.1019
1 0.7719 0.4565 0.0151 0.06574
1 0.4141 0.3657 0.01094 0.04907
1 0.9812 0.4102 0.01667 0.06111
1 0.7141 0.3426 0.01302 0.04259
2 0.8068 0.4583 0.01615 0.07037
1 0.7281 0.4333 0.01458 0.06667
1 0.4745 0.4815 0.01615 0.075
2 0.5307 0.2806 0.008333 0.03426
0 0.251 0.3519 0.006771 0.01296
1 0.3891 0.3685 0.01198 0.05185
1 0.3651 0.8287 0.0375 0.1231
1 0.1562 0.5898 0.01979 0.08981
3 0.05417 0.3907 0.01354 0.05741
1 0.8661 0.7898 0.04063 0.1185
