1 0.6682 0.9046 0.06302 0.1574
1 0.5349 0.575 0.02448 0.1139
1 0.4495 0.5454 0.04323 0.1111
1 0.6542 0.712 0.03698 0.138
1 0.9396 0.3222 0.02396 0.075
1 0.8021 0.4593 0.01667 0.1009
1 0.7552 0.5509 0.03594 0.08333
1 0.5854 0.3889 0.02604 0.08148
1 0.4958 0.3287 0.02187 0.06389
1 0.5802 0.4704 0.03333 0.09074
1 0.6208 0.3093 0.03177 0.06481
1 0.549 0.2713 0.01667 0.05463
2 0.5203 0.3574 0.01562 0.07685
1 0.3771 0.3861 0.02083 0.08611
1 0.15 0.4583 0.02656 0.09444
2 0.126 0.2481 0.01406 0.05556
0 0.1885 0.4972 0.009896 0.01111
