1 0.5932 0.687 0.02708 0.1167
1 0.4583 0.5787 0.02917 0.1074
1 0.03021 0.562 0.03646 0.1185
1 0.4245 0.6472 0.02917 0.1176
1 0.9323 0.4241 0.02604 0.08889
1 0.6115 0.363 0.01615 0.0713
1 0.7536 0.5009 0.02708 0.09259
1 0.6818 0.5991 0.04531 0.05648
1 0.4589 0.4593 0.01615 0.06296
1 0.2708 0.3657 0.01823 0.07037
1 0.9688 0.5046 0.0224 0.0963
1 0.6427 0.4574 0.02813 0.08704
2 0.4865 0.4676 0.02344 0.08981
1 0.1625 0.3852 0.01771 0.06667
1 0.2328 0.5407 0.03125 0.1074
2 0.1677 0.2065 0.009375 0.04259
0 0.4411 0.6296 0.009896 0.01296
1 0.4615 0.5019 0.02813 0.09722
1 0.1042 0.7231 0.03646 0.1343
1 0.01875 0.4935 0.02969 0.08611
1 0.7839 0.7417 0.03177 0.1176
1 0.9349 0.5537 0.03125 0.1046
