1 0.7677 0.7667 0.02396 0.1194
1 0.7234 0.6315 0.02604 0.09815
1 0.005208 0.4407 0.01042 0.06296
1 0.2214 0.5861 0.02031 0.08704
1 0.8016 0.6083 0.02448 0.09074
1 0.3682 0.7259 0.0276 0.1074
1 0.7396 0.4556 0.0151 0.07037
1 0.3932 0.3593 0.01198 0.05093
1 0.9365 0.4009 0.01562 0.06204
1 0.6703 0.3343 0.01354 0.04259
2 0.775 0.4546 0.01667 0.06852
1 0.6917 0.4269 0.01354 0.06667
1 0.4479 0.4824 0.01719 0.07407
2 0.5094 0.2704 0.008333 0.03426
0 0.2927 0.4907 0.009375 0.01852
1 0.3604 0.3667 0.01302 0.0537
1 0.3505 0.7815 0.03073 0.1056
1 0.1448 0.5926 0.0224 0.09537
3 0.03594 0.3824 0.01458 0.05741
1 0.7922 0.7852 0.03698 0.1176
