1 0.5693 0.8907 0.05781 0.15
1 0.5057 0.5796 0.02292 0.1157
1 0.474 0.5611 0.03906 0.1065
1 0.6536 0.7056 0.03854 0.1324
1 0.9016 0.3278 0.01562 0.075
1 0.7948 0.4639 0.02865 0.09537
1 0.7417 0.5583 0.0401 0.06296
1 0.5583 0.388 0.01771 0.07963
1 0.5016 0.3352 0.02656 0.06111
1 0.5354 0.4685 0.02604 0.09259
1 0.5573 0.3148 0.02552 0.05926
1 0.5083 0.2759 0.0151 0.05278
2 0.4839 0.3583 0.01771 0.07407
1 0.3516 0.3889 0.01667 0.08704
1 0.137 0.463 0.01458 0.1009
2 0.1099 0.2537 0.01406 0.05556
0 0.313 0.4972 0.01198 0.01019
