1 0.6693 0.7315 0.04896 0.1167
1 0.4219 0.6444 0.03073 0.1093
1 0.0125 0.6407 0.025 0.1074
1 0.6073 0.4009 0.02604 0.075
1 0.425 0.3509 0.0151 0.06759
1 0.4505 0.5676 0.03021 0.09907
1 0.2479 0.612 0.02969 0.1056
1 0.2359 0.4519 0.02708 0.07963
1 0.01042 0.3639 0.02135 0.06481
1 0.6578 0.4444 0.02031 0.075
1 0.3589 0.3861 0.01615 0.07407
2 0.2604 0.4231 0.01771 0.075
1 0.1562 0.4417 0.02135 0.08426
2 0.08333 0.2074 0.01094 0.03889
0 0.8583 0.6935 0.009375 0.01574
1 0.8125 0.6981 0.05625 0.1028
1 0.787 0.525 0.02865 0.08704
