1 0.4859 0.8741 0.05937 0.1611
1 0.488 0.5889 0.01875 0.113
1 0.5099 0.5769 0.02656 0.1185
1 0.6641 0.6907 0.02396 0.1343
1 0.9901 0.4148 0.01562 0.09352
1 0.8911 0.338 0.02083 0.07407
1 0.8052 0.4778 0.025 0.07963
1 0.7432 0.5435 0.02031 0.1046
1 0.5656 0.3898 0.02187 0.07963
1 0.512 0.3417 0.01146 0.06852
1 0.5229 0.4778 0.02187 0.09444
1 0.4958 0.3278 0.01875 0.06481
1 0.4922 0.2824 0.01198 0.05278
2 0.4479 0.3648 0.02552 0.07315
1 0.337 0.4037 0.02083 0.08704
1 0.1349 0.4713 0.01458 0.1009
2 0.1057 0.2657 0.01406 0.0537
0 0.5016 0.5139 0.00625 0.01019
