1 0.4896 0.8704 0.04792 0.1602
1 0.4859 0.5889 0.01719 0.113
1 0.5125 0.5778 0.02656 0.1231
1 0.6661 0.6889 0.02292 0.1315
1 0.9911 0.4167 0.01562 0.09352
1 0.8979 0.338 0.01406 0.075
1 0.8047 0.4806 0.02552 0.07685
1 0.7474 0.5444 0.02135 0.1056
1 0.5745 0.3898 0.01562 0.07963
1 0.5146 0.3435 0.01146 0.06944
1 0.5219 0.4778 0.01562 0.09537
1 0.4943 0.3315 0.01354 0.07037
1 0.4922 0.2843 0.01198 0.05278
2 0.4349 0.363 0.02604 0.07315
1 0.3401 0.4074 0.01927 0.08704
1 0.1349 0.4731 0.01458 0.1009
2 0.1047 0.2676 0.01302 0.0537
0 0.5016 0.5157 0.00625 0.01019
