1 0.8443 0.5898 0.01979 0.0787
1 0.2198 0.4519 0.01927 0.06019
1 0.2927 0.5685 0.02135 0.07685
1 0.6458 0.5815 0.02187 0.06389
1 0.8557 0.4611 0.0151 0.06759
1 0.5172 0.3972 0.01302 0.05093
1 0.8557 0.3611 0.01146 0.03796
2 0.9349 0.4676 0.02031 0.05926
1 0.8365 0.4435 0.0151 0.05556
1 0.5896 0.475 0.01406 0.06204
2 0.5552 0.3204 0.008854 0.03241
0 0.1307 0.4444 0.004687 0.007407
1 0.5036 0.3852 0.01094 0.04352
1 0.4333 0.8685 0.02813 0.1287
1 0.1677 0.5833 0.02292 0.08704
3 0.1365 0.437 0.01719 0.05093
