1 0.487 0.8713 0.06198 0.163
1 0.488 0.5889 0.01875 0.113
1 0.5104 0.5769 0.02656 0.1194
1 0.6646 0.6898 0.02292 0.1343
1 0.9901 0.4148 0.01562 0.09352
1 0.8911 0.3389 0.02083 0.07407
1 0.8052 0.4787 0.02396 0.07963
1 0.7438 0.5444 0.02083 0.1056
1 0.5667 0.3898 0.02292 0.07963
1 0.512 0.3417 0.01146 0.06852
1 0.524 0.4778 0.01979 0.09444
1 0.4958 0.3269 0.01771 0.06574
1 0.4917 0.2824 0.01198 0.05278
2 0.4464 0.3648 0.02552 0.07315
1 0.337 0.4046 0.02135 0.08704
1 0.1349 0.4713 0.01458 0.1009
2 0.1057 0.2667 0.01406 0.0537
0 0.5016 0.5139 0.00625 0.01019
