1 0.5047 0.7074 0.03021 0.1009
1 0.6344 0.5759 0.02813 0.07315
1 0.1062 0.638 0.02969 0.09444
1 0.8167 0.4602 0.02135 0.06574
1 0.6703 0.3843 0.01406 0.05741
1 0.5719 0.5713 0.02135 0.08704
1 0.2745 0.7306 0.02813 0.1185
1 0.474 0.5074 0.03125 0.07407
1 0.1406 0.3824 0.0125 0.05648
1 0.8089 0.5019 0.01979 0.07963
1 0.576 0.4296 0.01979 0.06944
1 0.2188 0.375 0.01406 0.05185
2 0.4286 0.4722 0.02031 0.07222
1 0.3974 0.4667 0.02344 0.06944
1 0.2766 0.575 0.0349 0.06944
2 0.2521 0.2657 0.01094 0.03333
0 0.4974 0.2139 0.008854 0.01296
1 0.1167 0.4537 0.02396 0.05926
1 0.1953 0.7083 0.04844 0.09352
1 0.03177 0.6287 0.02969 0.09815
1 0.6937 0.7769 0.03073 0.1185
1 0.8599 0.5852 0.03542 0.0787
