1 0.65 0.688 0.04167 0.1194
1 0.4385 0.5519 0.03125 0.09167
1 0.2896 0.6861 0.0349 0.1269
1 0.8734 0.4315 0.02135 0.08889
1 0.5651 0.3769 0.02396 0.07222
1 0.7083 0.4907 0.03125 0.09259
1 0.5885 0.5972 0.03802 0.05093
1 0.4188 0.5028 0.02135 0.09259
1 0.2021 0.3787 0.01927 0.07315
1 0.9641 0.513 0.02813 0.0963
1 0.5818 0.4796 0.01615 0.09537
2 0.4234 0.4528 0.02135 0.05278
1 0.1078 0.4157 0.01615 0.075
1 0.2771 0.5657 0.03958 0.1065
2 0.1151 0.2167 0.009375 0.04167
0 0.3984 0.5935 0.007292 0.01204
1 0.4422 0.5352 0.02865 0.09722
1 0.1281 0.738 0.03958 0.1324
1 0.826 0.7037 0.0349 0.1074
1 0.9281 0.5296 0.03333 0.09815
