1 0.7005 0.5685 0.01719 0.09907
1 0.2932 0.5139 0.02344 0.08611
1 0.5542 0.7574 0.03958 0.1287
1 0.9135 0.5037 0.01667 0.09352
1 0.7156 0.5676 0.02396 0.09815
1 0.726 0.4352 0.0276 0.07593
1 0.474 0.3852 0.02135 0.06204
1 0.9906 0.5139 0.01719 0.09167
1 0.9938 0.3713 0.01198 0.06389
1 0.7396 0.3167 0.01458 0.05185
2 0.7771 0.4148 0.01771 0.07778
1 0.5776 0.4046 0.01823 0.07685
1 0.276 0.4852 0.01875 0.08704
2 0.2891 0.2833 0.0125 0.04537
0 0.263 0.5148 0.005729 0.01019
1 0.1667 0.3963 0.0224 0.07315
1 0.2599 0.9574 0.03385 0.08333
