1 0.4885 0.8713 0.06563 0.162
1 0.487 0.5889 0.01771 0.113
1 0.5115 0.5787 0.02604 0.1213
1 0.6656 0.6898 0.02292 0.1333
1 0.9906 0.4157 0.01562 0.09352
1 0.8938 0.338 0.01875 0.07407
1 0.8057 0.4796 0.02448 0.07778
1 0.7453 0.5435 0.02135 0.1056
1 0.5703 0.3898 0.01875 0.07963
1 0.513 0.3435 0.01146 0.06944
1 0.5234 0.4778 0.01771 0.09444
1 0.4953 0.3287 0.01562 0.06852
1 0.4917 0.2833 0.01198 0.05278
2 0.4427 0.363 0.02448 0.07315
1 0.3385 0.4056 0.02083 0.08704
1 0.1349 0.4722 0.01458 0.1009
2 0.1052 0.2667 0.01354 0.0537
0 0.501 0.5148 0.00625 0.01019
