1 0.7146 0.6907 0.02813 0.1148
1 0.4849 0.562 0.03542 0.0787
1 0.2651 0.6954 0.02708 0.1231
1 0.8557 0.4481 0.01667 0.08426
1 0.5599 0.3898 0.01615 0.06852
1 0.7146 0.4935 0.02448 0.08426
1 0.5422 0.5944 0.04583 0.04537
1 0.4354 0.5176 0.02552 0.08889
1 0.1984 0.3954 0.0151 0.07037
1 0.9464 0.5194 0.01719 0.08981
1 0.5443 0.488 0.01927 0.08889
2 0.4182 0.4907 0.02187 0.08333
1 0.1276 0.4398 0.01302 0.07037
1 0.4115 0.6065 0.0401 0.09907
2 0.1339 0.2398 0.01094 0.04074
0 0.4115 0.5565 0.005729 0.01111
1 0.3927 0.5176 0.03125 0.09352
1 0.2193 0.7324 0.03542 0.1222
1 0.9036 0.7222 0.0349 0.1194
1 0.9589 0.5361 0.03021 0.09074
