1 0.7167 0.7435 0.04271 0.1185
1 0.4068 0.6694 0.04479 0.1093
1 0.5453 0.4111 0.02187 0.06944
1 0.3302 0.3667 0.01927 0.0713
1 0.4109 0.5796 0.03333 0.09815
1 0.1693 0.6472 0.03125 0.1046
1 0.1526 0.4694 0.02552 0.08611
1 0.5922 0.4537 0.02552 0.08056
1 0.2641 0.4056 0.01667 0.07685
2 0.1891 0.4407 0.02187 0.08148
1 0.06198 0.4667 0.02396 0.08704
0 0.8557 0.7213 0.009375 0.01574
1 0.8344 0.7157 0.03177 0.1009
1 0.7458 0.5269 0.03073 0.09074
3 0.9688 0.3167 0.02344 0.06019
2 0.9911 0.7935 0.01667 0.1157
