1 0.7891 0.7676 0.02448 0.1176
1 0.7323 0.6287 0.02708 0.09722
1 0.005208 0.4407 0.01042 0.06296
1 0.2245 0.5843 0.02031 0.08426
1 0.8182 0.6074 0.02344 0.08981
1 0.3964 0.7185 0.02865 0.1037
1 0.7516 0.4556 0.0151 0.06852
1 0.401 0.3611 0.01146 0.05
1 0.9536 0.4046 0.01615 0.06204
1 0.687 0.338 0.01354 0.04259
2 0.787 0.4565 0.01667 0.06944
1 0.7057 0.4296 0.01406 0.06667
1 0.4578 0.4824 0.01667 0.07407
2 0.5172 0.2741 0.008333 0.03426
0 0.2766 0.4361 0.008333 0.01667
1 0.3708 0.3667 0.01302 0.05278
1 0.3563 0.8 0.03333 0.1065
1 0.1484 0.5917 0.02135 0.09352
3 0.04271 0.3852 0.01406 0.05741
1 0.8198 0.787 0.03854 0.1176
