1 0.6422 0.5731 0.0224 0.1111
1 0.3469 0.5102 0.04323 0.09074
1 0.6245 0.7343 0.02969 0.1343
1 0.874 0.4806 0.02344 0.1028
1 0.7656 0.5519 0.02813 0.09722
1 0.7286 0.3981 0.02656 0.08889
1 0.4854 0.3481 0.01302 0.07222
1 0.826 0.4889 0.025 0.09444
1 0.8651 0.3306 0.03385 0.07685
1 0.7016 0.2815 0.01823 0.05741
2 0.676 0.3787 0.02187 0.0787
1 0.5005 0.3861 0.02396 0.08796
1 0.2214 0.4722 0.03906 0.08796
2 0.2141 0.2537 0.01406 0.05556
0 0.2005 0.5176 0.006771 0.01111
1 0.06354 0.3898 0.025 0.08796
