1 0.7906 0.9148 0.0651 0.1676
1 0.5734 0.5759 0.025 0.1176
1 0.4198 0.5278 0.04531 0.1093
1 0.649 0.7185 0.03594 0.1333
1 0.9917 0.3222 0.0151 0.08241
1 0.8151 0.4667 0.02344 0.09907
1 0.7682 0.5417 0.02969 0.1046
1 0.6391 0.3898 0.02083 0.08611
1 0.4927 0.3361 0.01719 0.06944
1 0.6583 0.475 0.02813 0.09167
1 0.7047 0.3139 0.025 0.06759
1 0.6031 0.2713 0.01719 0.05833
2 0.5693 0.362 0.01979 0.07593
1 0.4193 0.3833 0.01875 0.08981
1 0.1693 0.4611 0.03021 0.09537
2 0.1531 0.2472 0.01562 0.05556
0 0.1693 0.4861 0.006771 0.01111
