1 0.9083 0.7685 0.02969 0.1139
1 0.7703 0.6157 0.02292 0.08426
1 0.06146 0.4491 0.01823 0.06759
1 0.2443 0.5796 0.02344 0.07593
1 0.9052 0.6028 0.01979 0.09352
1 0.5271 0.6713 0.03542 0.09444
1 0.8156 0.462 0.01354 0.06481
1 0.4469 0.3769 0.01094 0.05
1 0.7729 0.3519 0.01302 0.04167
2 0.8521 0.4648 0.01562 0.06667
1 0.775 0.4398 0.01406 0.06574
1 0.5089 0.4796 0.0151 0.06481
2 0.5557 0.2944 0.008333 0.03519
0 0.2125 0.2546 0.006771 0.009259
1 0.4292 0.3759 0.01198 0.05093
1 0.3891 0.8704 0.03333 0.1296
1 0.1703 0.5917 0.02083 0.08796
3 0.08229 0.4037 0.01354 0.05741
1 0.9724 0.7944 0.03073 0.1083
