1 0.6453 0.7269 0.04635 0.1093
1 0.4307 0.6343 0.02396 0.1028
1 0.04896 0.6194 0.02448 0.1019
1 0.6359 0.4046 0.02448 0.0713
1 0.462 0.3481 0.0151 0.06574
1 0.4646 0.5657 0.03594 0.09722
1 0.276 0.5991 0.02344 0.1037
1 0.2708 0.4472 0.02396 0.08241
1 0.05156 0.3593 0.01354 0.06481
1 0.6807 0.4444 0.02552 0.075
1 0.3958 0.3833 0.01875 0.07222
1 0.01979 0.388 0.02031 0.06204
2 0.2859 0.4204 0.02135 0.07407
1 0.1891 0.437 0.02396 0.08333
1 0.01146 0.6343 0.0224 0.112
2 0.1193 0.2074 0.01094 0.03426
0 0.8484 0.6435 0.009375 0.01574
1 0.7958 0.6926 0.0474 0.1028
1 0.8 0.5287 0.03229 0.08889
