1 0.638 0.688 0.04479 0.1204
1 0.4307 0.5528 0.02917 0.09074
1 0.2922 0.6852 0.03385 0.1278
1 0.8729 0.4278 0.0224 0.08981
1 0.5615 0.375 0.02344 0.07315
1 0.7042 0.4898 0.03177 0.09259
1 0.5901 0.5981 0.03802 0.05093
1 0.413 0.4991 0.02187 0.09352
1 0.1974 0.3759 0.01823 0.07407
1 0.9599 0.5093 0.02865 0.09722
1 0.5802 0.4778 0.01979 0.09722
2 0.4198 0.4546 0.02187 0.05926
1 0.1 0.413 0.01615 0.075
1 0.2609 0.562 0.03958 0.1102
2 0.1099 0.2148 0.01094 0.04259
0 0.3943 0.5981 0.007812 0.01204
1 0.437 0.5352 0.02917 0.09815
1 0.1115 0.7407 0.0401 0.1333
1 0.8151 0.7056 0.0349 0.1056
1 0.9193 0.5315 0.03177 0.09907
