1 0.5427 0.6685 0.02344 0.1139
1 0.6083 0.5491 0.02083 0.08611
1 0.06094 0.4833 0.02604 0.08241
1 0.3135 0.6046 0.01979 0.08519
1 0.8786 0.4509 0.02083 0.08056
1 0.7656 0.3787 0.01719 0.06111
1 0.624 0.5704 0.01875 0.08611
1 0.4375 0.6065 0.02708 0.0963
1 0.538 0.4889 0.01823 0.08796
1 0.3187 0.363 0.01094 0.05741
1 0.9073 0.4917 0.02344 0.08056
1 0.6714 0.4148 0.01875 0.07315
1 0.3297 0.3694 0.0151 0.05556
2 0.5208 0.4509 0.01354 0.07407
1 0.4599 0.4407 0.01719 0.07963
1 0.299 0.5593 0.03802 0.04907
2 0.3969 0.2389 0.007292 0.03519
0 0.35 0.4731 0.01094 0.01667
1 0.1974 0.462 0.01927 0.075
1 0.299 0.6213 0.01979 0.0713
1 0.2656 0.563 0.02552 0.0963
1 0.7609 0.6898 0.02396 0.1065
1 0.9302 0.5843 0.02187 0.09907
