1 0.6036 0.8972 0.05833 0.15
1 0.5161 0.5778 0.02396 0.1148
1 0.4641 0.5556 0.04375 0.1093
1 0.6547 0.7111 0.04323 0.1324
1 0.9141 0.325 0.01823 0.075
1 0.7964 0.463 0.03021 0.0963
1 0.7474 0.5574 0.04115 0.06574
1 0.5651 0.3889 0.0224 0.07778
1 0.5 0.3324 0.025 0.06296
1 0.5521 0.4667 0.02708 0.09444
1 0.5792 0.312 0.02865 0.06111
1 0.5224 0.2731 0.0151 0.05463
2 0.4964 0.3574 0.01771 0.07407
1 0.3589 0.387 0.01771 0.08704
1 0.1401 0.4611 0.01719 0.09907
2 0.1146 0.2509 0.01406 0.05556
0 0.2583 0.4944 0.01146 0.01019
