1 0.8797 0.5972 0.01771 0.08056
1 0.3042 0.4769 0.02917 0.06481
1 0.3047 0.6 0.02292 0.07778
1 0.7068 0.575 0.02708 0.0787
1 0.8047 0.4657 0.01302 0.06667
1 0.5161 0.4194 0.01406 0.05278
1 0.8464 0.3704 0.01406 0.03796
2 0.9807 0.4796 0.01771 0.06481
1 0.8203 0.4519 0.01354 0.06296
1 0.6125 0.4833 0.01927 0.06667
2 0.513 0.337 0.009375 0.03148
0 0.1099 0.4722 0.004687 0.007407
1 0.5052 0.4037 0.009896 0.05278
1 0.4411 0.8861 0.03646 0.1287
1 0.1604 0.5815 0.01875 0.08519
3 0.1099 0.4491 0.01667 0.05185
