1 0.6307 0.6926 0.03177 0.1167
1 0.4443 0.575 0.03177 0.08426
1 0.1411 0.725 0.02865 0.1269
1 0.7438 0.4398 0.01875 0.08056
1 0.4479 0.3843 0.01979 0.06574
1 0.6104 0.488 0.01719 0.08611
1 0.4339 0.5981 0.04427 0.03796
1 0.3724 0.4926 0.02969 0.06574
1 0.06458 0.4074 0.01667 0.07315
1 0.8203 0.5065 0.01719 0.08889
1 0.4203 0.4833 0.02813 0.07963
2 0.3104 0.5009 0.01823 0.08889
1 0.006771 0.4593 0.01198 0.0713
1 0.4318 0.6343 0.0401 0.1009
2 0.01406 0.2444 0.01094 0.03889
0 0.4021 0.5898 0.006771 0.01296
1 0.2266 0.5176 0.02135 0.08333
1 0.1234 0.7667 0.03333 0.1278
1 0.8323 0.738 0.04323 0.125
1 0.8849 0.525 0.0224 0.08333
