1 0.5922 0.7056 0.03333 0.1176
1 0.4359 0.6046 0.0349 0.09537
1 0.04531 0.7593 0.02813 0.1
1 0.6906 0.4398 0.0224 0.0787
1 0.3766 0.3852 0.01562 0.06852
1 0.5531 0.4963 0.01719 0.08611
1 0.3979 0.625 0.03646 0.08704
1 0.2729 0.4926 0.02969 0.08704
1 0.7604 0.5037 0.01823 0.08889
1 0.3448 0.4861 0.02396 0.08056
2 0.2401 0.5102 0.02135 0.08981
1 0.4068 0.6593 0.04375 0.1102
1 0.162 0.5259 0.02187 0.08426
1 0.03698 0.8093 0.03646 0.1287
1 0.8214 0.7398 0.03594 0.1231
1 0.8552 0.5269 0.03177 0.08889
3 0.9385 0.3278 0.01562 0.06296
