1 0.651 0.575 0.0224 0.1102
1 0.3432 0.5102 0.03906 0.09074
1 0.6229 0.7398 0.02969 0.1296
1 0.8833 0.4843 0.02135 0.1019
1 0.7661 0.5556 0.0276 0.09722
1 0.7401 0.4028 0.02656 0.08981
1 0.4891 0.3519 0.01562 0.0713
1 0.8438 0.4926 0.02656 0.09537
1 0.8891 0.3343 0.03438 0.07778
1 0.7109 0.2833 0.01667 0.05741
2 0.6885 0.3833 0.02187 0.0787
1 0.5109 0.388 0.02344 0.08704
1 0.2292 0.4769 0.0375 0.09074
2 0.2234 0.2574 0.01354 0.05463
0 0.2068 0.5204 0.006771 0.01111
1 0.07448 0.3898 0.02344 0.08611
