1 0.8193 0.588 0.02344 0.08333
1 0.1677 0.4417 0.02552 0.06204
1 0.288 0.5556 0.025 0.07037
1 0.9927 0.575 0.01042 0.07778
1 0.6188 0.5954 0.02396 0.0713
1 0.8667 0.4546 0.01406 0.06481
1 0.5021 0.3806 0.009896 0.04815
1 0.8469 0.35 0.01146 0.04259
2 0.9182 0.4565 0.01719 0.06019
1 0.8323 0.4333 0.01302 0.06019
1 0.5667 0.4648 0.01562 0.06204
2 0.5698 0.3028 0.009375 0.03426
0 0.1594 0.3167 0.005208 0.009259
1 0.4906 0.3713 0.009896 0.0463
1 0.4214 0.8639 0.03281 0.1343
1 0.1729 0.5778 0.02448 0.08796
3 0.1292 0.4148 0.02187 0.05741
