1 0.587 0.6889 0.03594 0.1241
1 0.3948 0.5639 0.02604 0.09907
1 0.3057 0.6796 0.02813 0.1269
1 0.8661 0.4194 0.02656 0.09444
1 0.5474 0.3648 0.01615 0.07222
1 0.6943 0.488 0.0151 0.0963
1 0.5927 0.5972 0.03906 0.05741
1 0.3932 0.488 0.01719 0.09907
1 0.1792 0.3685 0.01979 0.075
1 0.9385 0.4991 0.02969 0.1
1 0.5755 0.4667 0.02187 0.1
2 0.4099 0.4667 0.02396 0.09352
1 0.06875 0.4 0.01615 0.075
1 0.2016 0.5537 0.03646 0.113
2 0.08698 0.2037 0.01094 0.04537
0 0.3766 0.6167 0.007812 0.01296
1 0.4104 0.5269 0.03125 0.09722
1 0.0474 0.7519 0.03177 0.1389
1 0.7719 0.712 0.04479 0.1167
1 0.8984 0.5361 0.03021 0.1037
