1 0.5448 0.7602 0.02708 0.1306
1 0.4177 0.6037 0.03073 0.08889
1 0.6057 0.4389 0.0151 0.07963
1 0.2687 0.3917 0.01823 0.07593
1 0.4672 0.5185 0.01823 0.09167
1 0.2661 0.7065 0.02917 0.1028
1 0.1286 0.4972 0.0276 0.08704
1 0.6724 0.4963 0.01875 0.08889
1 0.2307 0.4917 0.02396 0.08981
2 0.1193 0.5213 0.02344 0.09537
1 0.2521 0.7074 0.03073 0.1157
0 0.2792 0.6778 0.01094 0.01667
1 0.03281 0.5287 0.03281 0.09815
1 0.8146 0.7389 0.04219 0.1167
1 0.8109 0.5222 0.02031 0.09352
3 0.8474 0.3176 0.0151 0.06574
