1 0.5036 0.7083 0.03177 0.1009
1 0.6333 0.5769 0.02708 0.07315
1 0.101 0.638 0.03125 0.09352
1 0.8151 0.4602 0.0224 0.06667
1 0.6672 0.3843 0.01406 0.05741
1 0.5687 0.5704 0.02083 0.08704
1 0.2719 0.7333 0.03073 0.1194
1 0.4719 0.5083 0.03073 0.07407
1 0.1359 0.3824 0.0125 0.05648
1 0.8057 0.5028 0.01979 0.08056
1 0.5734 0.4296 0.02031 0.06944
1 0.2151 0.375 0.01458 0.05278
2 0.4255 0.4731 0.02031 0.07222
1 0.3948 0.4676 0.02292 0.06944
1 0.275 0.5741 0.03646 0.06944
2 0.2469 0.2657 0.01094 0.03333
0 0.5036 0.2157 0.008854 0.01296
1 0.1135 0.4537 0.02448 0.05833
1 0.1922 0.7102 0.0474 0.09352
1 0.02031 0.625 0.02708 0.09352
1 0.6906 0.7796 0.03073 0.1194
1 0.8562 0.5852 0.03646 0.07778
