1 0.5193 0.6944 0.02604 0.1
1 0.6375 0.5639 0.02969 0.075
1 0.1771 0.6287 0.02031 0.09815
1 0.837 0.4574 0.01615 0.06667
1 0.7063 0.388 0.02031 0.05556
1 0.6078 0.5759 0.02187 0.08148
1 0.324 0.6889 0.02083 0.1065
1 0.4984 0.5037 0.02292 0.08056
1 0.2036 0.3806 0.01406 0.05741
1 0.8411 0.5028 0.02344 0.07778
1 0.6047 0.4296 0.01823 0.07037
1 0.2609 0.3769 0.01354 0.04907
2 0.4599 0.4704 0.01667 0.07407
1 0.4224 0.462 0.02031 0.075
1 0.2917 0.5815 0.03646 0.08611
2 0.3047 0.2639 0.009375 0.03241
0 0.4432 0.2231 0.008333 0.01296
1 0.1536 0.4537 0.0224 0.06389
1 0.2354 0.6843 0.03698 0.0963
1 0.1135 0.6213 0.03073 0.09537
1 0.7292 0.7565 0.03229 0.1148
1 0.8943 0.5935 0.0349 0.08611
