1 0.4891 0.8713 0.06667 0.1611
1 0.487 0.5889 0.01771 0.113
1 0.512 0.5778 0.02552 0.1222
1 0.6656 0.6898 0.02292 0.1333
1 0.9911 0.4157 0.01562 0.09352
1 0.8948 0.338 0.01719 0.07407
1 0.8052 0.4796 0.025 0.07778
1 0.7458 0.5444 0.02135 0.1056
1 0.5719 0.3898 0.01562 0.07963
1 0.5135 0.3435 0.01146 0.06944
1 0.5229 0.4787 0.01719 0.09537
1 0.4948 0.3306 0.0151 0.06944
1 0.4922 0.2833 0.01198 0.05278
2 0.4406 0.362 0.02396 0.07407
1 0.3396 0.4065 0.02083 0.08796
1 0.1349 0.4722 0.01458 0.1009
2 0.1052 0.2676 0.01354 0.0537
0 0.5016 0.5148 0.00625 0.01019
