1 0.5125 0.7833 0.04948 0.1194
1 0.5839 0.675 0.04531 0.1
1 0.1219 0.5991 0.03021 0.09537
1 0.8844 0.4259 0.02865 0.06574
1 0.7781 0.3583 0.02031 0.05648
1 0.5542 0.6167 0.03854 0.08241
1 0.1417 0.7769 0.05365 0.1111
1 0.5469 0.4509 0.02344 0.07407
1 0.2469 0.3361 0.01146 0.05093
1 0.913 0.4491 0.02604 0.06759
1 0.7177 0.3657 0.02187 0.05093
1 0.4245 0.3111 0.01667 0.04074
2 0.5698 0.4306 0.01875 0.06667
1 0.4667 0.4083 0.025 0.06759
1 0.274 0.4963 0.02344 0.08241
2 0.35 0.2361 0.007292 0.02778
0 0.6781 0.6639 0.009375 0.01389
1 0.1807 0.3676 0.01875 0.05648
1 0.2271 0.6898 0.02448 0.1009
1 0.009375 0.6019 0.01823 0.09074
1 0.5687 0.7583 0.04167 0.1
1 0.9443 0.5148 0.03385 0.06481
