1 0.6927 0.5704 0.01979 0.1028
1 0.3026 0.5185 0.03542 0.08796
1 0.5693 0.7583 0.03802 0.1287
1 0.9156 0.5037 0.01875 0.09444
1 0.726 0.5648 0.0276 0.09815
1 0.7411 0.4278 0.03021 0.0787
1 0.4807 0.375 0.01927 0.06759
1 0.963 0.5083 0.03125 0.09444
1 0.9802 0.3676 0.02656 0.07315
1 0.7411 0.3083 0.01667 0.05278
2 0.763 0.4065 0.01927 0.0787
1 0.5651 0.4019 0.01771 0.08056
1 0.2661 0.4852 0.02344 0.09259
2 0.2771 0.2769 0.0125 0.04907
0 0.2495 0.5194 0.006771 0.01111
1 0.1474 0.3954 0.02135 0.075
1 0.2094 0.9639 0.03125 0.07037
