1 0.4484 0.7815 0.03281 0.1204
1 0.5589 0.6657 0.03698 0.1
1 0.0401 0.6167 0.02917 0.09722
1 0.7786 0.4185 0.02187 0.06574
1 0.6646 0.3556 0.01823 0.05185
1 0.4885 0.6065 0.02604 0.09444
1 0.08958 0.7787 0.0349 0.1194
1 0.4542 0.4556 0.02396 0.07778
1 0.1406 0.3444 0.01302 0.05463
1 0.8036 0.4426 0.02292 0.06667
1 0.6146 0.362 0.02031 0.05926
1 0.3047 0.3194 0.01458 0.04074
2 0.4573 0.4324 0.02083 0.06574
1 0.3635 0.4157 0.02031 0.06574
1 0.1927 0.513 0.02552 0.08056
2 0.2443 0.2398 0.007292 0.03056
0 0.6833 0.55 0.00625 0.01019
1 0.07969 0.3806 0.02135 0.06019
1 0.1245 0.7037 0.03385 0.09722
1 0.5188 0.7407 0.04375 0.1046
1 0.8271 0.5139 0.01875 0.06852
