1 0.5724 0.725 0.02604 0.1269
1 0.4464 0.6102 0.03802 0.09722
1 0.6625 0.4417 0.0224 0.07963
1 0.3391 0.3907 0.01927 0.07037
1 0.5229 0.5046 0.0151 0.09074
1 0.3573 0.6667 0.02865 0.08889
1 0.2208 0.5 0.02344 0.08519
1 0.7302 0.5028 0.01771 0.08889
1 0.3042 0.4917 0.0224 0.08796
2 0.2005 0.5157 0.02135 0.09352
1 0.3635 0.6694 0.0375 0.1028
0 0.3484 0.6241 0.01094 0.01389
1 0.1255 0.5287 0.02604 0.08704
1 0.8203 0.7407 0.03906 0.1185
1 0.8427 0.5315 0.0276 0.08704
3 0.9047 0.3259 0.01615 0.06296
