1 0.8313 0.587 0.02083 0.08056
1 0.1906 0.4435 0.01875 0.06111
1 0.2943 0.5565 0.02187 0.0787
1 0.6307 0.5861 0.01875 0.06852
1 0.8651 0.4546 0.01302 0.06759
1 0.5099 0.3852 0.009375 0.04907
1 0.8526 0.3537 0.01042 0.04074
2 0.925 0.4611 0.02135 0.06204
1 0.8359 0.4361 0.0125 0.05556
1 0.5771 0.4667 0.01927 0.06389
2 0.5661 0.3093 0.009375 0.03426
0 0.1484 0.3667 0.005208 0.009259
1 0.4979 0.3759 0.01198 0.04352
1 0.4276 0.8648 0.03385 0.1315
1 0.1703 0.5787 0.02031 0.08704
3 0.1359 0.4231 0.02396 0.0537
