1 0.5865 0.7204 0.04115 0.09907
1 0.463 0.6056 0.03333 0.1037
1 0.1719 0.5852 0.01979 0.09259
1 0.7422 0.413 0.02604 0.07778
1 0.5885 0.3472 0.01667 0.06574
1 0.5161 0.5694 0.03177 0.09259
1 0.3651 0.5815 0.0276 0.09074
1 0.3828 0.4472 0.01927 0.08611
1 0.1823 0.3454 0.01823 0.06019
1 0.7745 0.4509 0.02604 0.07778
1 0.5224 0.3787 0.01823 0.0713
1 0.1448 0.3685 0.01719 0.06019
2 0.3719 0.4157 0.0224 0.07037
1 0.3063 0.425 0.01823 0.0787
1 0.1865 0.6222 0.0401 0.08056
2 0.2458 0.2019 0.006771 0.03426
0 0.7948 0.7046 0.01094 0.01574
1 0.04479 0.4787 0.03385 0.08056
1 0.1104 0.6537 0.04427 0.1167
1 0.03385 0.5463 0.02917 0.09167
1 0.7661 0.6926 0.04167 0.1028
1 0.8599 0.5481 0.03021 0.08796
