1 0.5891 0.7204 0.0401 0.09907
1 0.4604 0.6065 0.03333 0.1037
1 0.1656 0.5824 0.01979 0.08333
1 0.7359 0.413 0.02552 0.07778
1 0.5818 0.3472 0.01667 0.06574
1 0.5135 0.5694 0.03125 0.09259
1 0.3609 0.5833 0.02656 0.09259
1 0.3771 0.4481 0.01979 0.08611
1 0.176 0.3463 0.01719 0.06111
1 0.7703 0.45 0.02448 0.07778
1 0.5167 0.3787 0.01823 0.0713
1 0.1385 0.3694 0.01875 0.06019
2 0.3672 0.4157 0.02135 0.06852
1 0.2995 0.425 0.01719 0.0787
1 0.1802 0.6222 0.04115 0.08426
2 0.2401 0.2028 0.007292 0.03426
0 0.7979 0.6944 0.01094 0.01574
1 0.0401 0.4796 0.03229 0.08056
1 0.1031 0.6583 0.04531 0.1167
1 0.02865 0.5472 0.02604 0.09167
1 0.7677 0.6926 0.04375 0.1028
1 0.8557 0.5463 0.03125 0.08889
