1 0.5578 0.6926 0.03906 0.1194
1 0.3812 0.5722 0.02604 0.1074
1 0.3083 0.6685 0.02813 0.1269
1 0.8672 0.4139 0.02292 0.09074
1 0.5406 0.3583 0.02135 0.0787
1 0.6859 0.4917 0.03073 0.0963
1 0.5953 0.6 0.0401 0.06111
1 0.3797 0.4759 0.02135 0.07963
1 0.1693 0.3611 0.0151 0.07593
1 0.9214 0.4991 0.025 0.09907
1 0.5745 0.4657 0.02552 0.09352
2 0.3995 0.4611 0.02031 0.08889
1 0.0526 0.3935 0.01615 0.075
1 0.1703 0.5546 0.03177 0.1102
2 0.07552 0.1972 0.01094 0.04537
0 0.3688 0.6269 0.007812 0.01296
1 0.3937 0.5148 0.03125 0.1037
1 0.02292 0.7546 0.04583 0.1333
1 0.7427 0.7259 0.03542 0.1139
1 0.8812 0.5361 0.03333 0.1056
