1 0.4234 0.763 0.03125 0.1278
1 0.562 0.6222 0.0276 0.09352
1 0.7172 0.4361 0.01406 0.06944
1 0.5844 0.3676 0.01562 0.05741
1 0.4599 0.5991 0.02604 0.1019
1 0.07708 0.7889 0.03906 0.1278
1 0.3922 0.4852 0.025 0.08056
1 0.03958 0.3778 0.01719 0.05741
1 0.7307 0.4667 0.01719 0.06481
1 0.5182 0.3963 0.0125 0.06296
1 0.1807 0.3546 0.01146 0.04722
2 0.3688 0.4565 0.01615 0.0713
1 0.2974 0.4426 0.025 0.07222
1 0.1495 0.5463 0.02344 0.08704
2 0.1531 0.2648 0.01302 0.03333
0 0.7068 0.5574 0.006771 0.01019
1 0.005208 0.4241 0.01042 0.06296
1 0.02292 0.7602 0.03385 0.1074
1 0.5182 0.762 0.04219 0.113
1 0.7401 0.5472 0.02187 0.08333
