1 0.5693 0.7176 0.05521 0.09722
1 0.4708 0.5991 0.03333 0.1019
1 0.01198 0.4935 0.02396 0.09259
1 0.1938 0.587 0.02292 0.1
1 0.7615 0.4157 0.02083 0.0787
1 0.6125 0.3481 0.01667 0.06481
1 0.5271 0.5694 0.02969 0.09352
1 0.3792 0.5796 0.02813 0.09074
1 0.4026 0.45 0.01875 0.08611
1 0.2068 0.3444 0.01771 0.06019
1 0.7932 0.4546 0.02344 0.07685
1 0.5458 0.3787 0.01875 0.07315
1 0.1682 0.3676 0.01302 0.06019
2 0.3906 0.4185 0.02135 0.07315
1 0.3281 0.4231 0.01875 0.0787
1 0.2089 0.625 0.04271 0.07037
2 0.2651 0.2028 0.007812 0.03426
0 0.7812 0.7546 0.01094 0.0213
1 0.06406 0.4722 0.02187 0.0787
1 0.1385 0.6472 0.04271 0.1148
1 0.05312 0.5417 0.03125 0.09074
1 0.762 0.6917 0.03854 0.1019
1 0.8677 0.5463 0.03646 0.08611
