1 0.4932 0.7157 0.03385 0.09907
1 0.6276 0.5796 0.02969 0.07222
1 0.07135 0.6389 0.02656 0.09444
1 0.8021 0.4602 0.02344 0.06667
1 0.6495 0.3806 0.01458 0.05648
1 0.5521 0.5713 0.0224 0.08241
1 0.2458 0.7519 0.03594 0.1204
1 0.4557 0.5074 0.02917 0.07778
1 0.1104 0.3833 0.01667 0.05648
1 0.7885 0.5 0.01979 0.08056
1 0.5594 0.4278 0.02031 0.06944
1 0.1969 0.3731 0.01406 0.05278
2 0.4089 0.4722 0.01927 0.07222
1 0.3792 0.4676 0.02448 0.06944
1 0.2604 0.5704 0.0375 0.075
2 0.2245 0.2648 0.01146 0.03333
0 0.5224 0.2324 0.008333 0.01389
1 0.09062 0.45 0.02708 0.06111
1 0.1656 0.7269 0.04427 0.09815
1 0.6703 0.7778 0.03229 0.1213
1 0.8339 0.5787 0.0349 0.08241
