1 0.6167 0.7222 0.03958 0.1009
1 0.4443 0.6167 0.03333 0.1028
1 0.1151 0.5944 0.02708 0.08241
1 0.6859 0.4083 0.02344 0.07685
1 0.5245 0.3463 0.01562 0.06667
1 0.4901 0.5685 0.02813 0.09444
1 0.3208 0.5907 0.02448 0.1
1 0.324 0.4481 0.01719 0.08426
1 0.1187 0.3509 0.01667 0.06389
1 0.7245 0.4481 0.025 0.07593
1 0.4589 0.3778 0.01875 0.0713
1 0.08281 0.3769 0.01927 0.06111
2 0.3266 0.4139 0.02448 0.06667
1 0.2479 0.4306 0.02187 0.07963
1 0.1026 0.6222 0.03177 0.1056
2 0.1844 0.2046 0.008854 0.03519
0 0.8271 0.6306 0.01094 0.01574
1 0.0349 0.6898 0.04844 0.1204
1 0.7781 0.6907 0.04844 0.09907
1 0.826 0.5389 0.03698 0.09074
