1 0.5375 0.6704 0.02813 0.1093
1 0.6125 0.5481 0.02135 0.075
1 0.02135 0.4889 0.02292 0.0787
1 0.2875 0.6009 0.02135 0.06759
1 0.8698 0.4519 0.02083 0.07593
1 0.7604 0.3815 0.01823 0.05926
1 0.6255 0.5722 0.02917 0.08611
1 0.4172 0.6185 0.01927 0.09907
1 0.5318 0.4935 0.0224 0.08426
1 0.3 0.3685 0.0125 0.05741
1 0.8974 0.4926 0.01667 0.08056
1 0.6615 0.4157 0.01406 0.07037
1 0.3229 0.3731 0.01719 0.05185
2 0.512 0.4556 0.02292 0.07407
1 0.4531 0.45 0.02552 0.07593
1 0.2792 0.5713 0.02604 0.08796
2 0.3839 0.2454 0.009896 0.03241
0 0.3031 0.488 0.009896 0.01852
1 0.1948 0.4602 0.0224 0.075
1 0.2865 0.625 0.0224 0.08056
1 0.2651 0.55 0.01719 0.05926
1 0.7646 0.7046 0.02969 0.1065
1 0.9198 0.588 0.0276 0.09815
