1 0.5172 0.6963 0.02865 0.1009
1 0.6375 0.5694 0.02604 0.07407
1 0.1531 0.6315 0.02031 0.09815
1 0.8323 0.4574 0.01458 0.06296
1 0.6953 0.3861 0.01719 0.05648
1 0.5984 0.5769 0.02604 0.08333
1 0.3073 0.7037 0.02969 0.1074
1 0.4922 0.5065 0.03281 0.07685
1 0.1807 0.3833 0.0125 0.05648
1 0.8302 0.5028 0.02135 0.0787
1 0.5953 0.4296 0.01406 0.07037
1 0.2479 0.375 0.01302 0.05093
2 0.451 0.4713 0.01875 0.07407
1 0.4172 0.4648 0.02656 0.07222
1 0.2891 0.5796 0.03594 0.08333
2 0.2885 0.2657 0.009375 0.03241
0 0.462 0.2139 0.008854 0.01296
1 0.1437 0.4537 0.0224 0.06389
1 0.225 0.6935 0.05104 0.09352
1 0.0849 0.6269 0.02396 0.09907
1 0.7188 0.7583 0.03125 0.1157
1 0.8859 0.5935 0.03177 0.08426
