1 0.5224 0.8843 0.06042 0.1491
1 0.4927 0.5833 0.02083 0.1157
1 0.4922 0.5741 0.03177 0.09907
1 0.6557 0.6991 0.02917 0.1324
1 0.9922 0.4074 0.01458 0.09352
1 0.8906 0.3333 0.0151 0.075
1 0.7979 0.4676 0.02552 0.09074
1 0.7359 0.5528 0.03021 0.08056
1 0.5552 0.388 0.01667 0.08148
1 0.5062 0.3389 0.02448 0.06019
1 0.5141 0.475 0.03021 0.08704
1 0.5271 0.3167 0.02396 0.05
1 0.4953 0.2824 0.01458 0.05185
2 0.4677 0.3593 0.01979 0.075
1 0.3422 0.3981 0.01771 0.08704
1 0.1349 0.4676 0.01458 0.1009
2 0.1057 0.2602 0.01406 0.05463
0 0.4214 0.5 0.01198 0.01019
