1 0.5411 0.6824 0.03177 0.08796
1 0.587 0.5667 0.02917 0.08241
1 0.1005 0.487 0.01979 0.08519
1 0.3302 0.6093 0.01979 0.07778
1 0.8792 0.4537 0.02396 0.07593
1 0.7661 0.3815 0.01719 0.06296
1 0.6167 0.5806 0.0276 0.09167
1 0.4557 0.6 0.02187 0.09259
1 0.5427 0.4898 0.0224 0.08148
1 0.3349 0.3639 0.01198 0.05926
1 0.9156 0.4898 0.0224 0.08056
1 0.6839 0.413 0.01875 0.07315
1 0.326 0.3759 0.0151 0.05741
2 0.5255 0.4509 0.0151 0.07685
1 0.4547 0.4444 0.02031 0.075
1 0.3281 0.5824 0.04479 0.09352
2 0.4062 0.2361 0.009896 0.03426
0 0.4839 0.413 0.01094 0.01667
1 0.1906 0.4731 0.02448 0.075
1 0.3047 0.612 0.02187 0.08148
1 0.2422 0.5546 0.02865 0.08611
1 0.7484 0.6972 0.03385 0.0787
1 0.9391 0.5861 0.02344 0.09352
