1 0.5333 0.713 0.04063 0.09074
1 0.5281 0.5907 0.03177 0.08704
1 0.08385 0.4972 0.02396 0.08889
1 0.2964 0.6037 0.0224 0.09259
1 0.8464 0.4491 0.0224 0.0787
1 0.7188 0.3787 0.01615 0.06389
1 0.5807 0.5917 0.025 0.09444
1 0.4437 0.5972 0.0224 0.09352
1 0.501 0.4843 0.02135 0.08519
1 0.2974 0.3639 0.01302 0.06019
1 0.8818 0.4843 0.02552 0.08056
1 0.6453 0.4083 0.01771 0.07222
1 0.2698 0.3833 0.01458 0.05926
2 0.4813 0.4444 0.01667 0.07778
1 0.4135 0.4454 0.02292 0.07593
1 0.301 0.637 0.03646 0.05741
2 0.3625 0.2306 0.006771 0.03426
0 0.6208 0.463 0.01094 0.01574
1 0.1432 0.4824 0.02135 0.08426
1 0.2437 0.6306 0.02656 0.09074
1 0.1641 0.5491 0.025 0.08889
1 0.7438 0.7083 0.03802 0.08519
1 0.9156 0.5806 0.03385 0.09352
