1 0.6646 0.5769 0.0224 0.1093
1 0.3375 0.5111 0.03281 0.09074
1 0.6208 0.7481 0.02969 0.1241
1 0.8984 0.4917 0.01823 0.1
1 0.7667 0.5611 0.02604 0.09722
1 0.7495 0.4139 0.02865 0.08333
1 0.4932 0.3583 0.01927 0.07037
1 0.8703 0.4972 0.02969 0.09722
1 0.9115 0.3417 0.02656 0.07593
1 0.725 0.288 0.01458 0.05833
2 0.7073 0.3898 0.02187 0.0787
1 0.5276 0.3907 0.02292 0.08611
1 0.2406 0.4824 0.03542 0.09352
2 0.2375 0.2611 0.0125 0.05278
0 0.2172 0.5241 0.006771 0.01111
1 0.09167 0.3935 0.02187 0.08426
