1 0.862 0.5944 0.02083 0.08056
1 0.263 0.463 0.025 0.06019
1 0.2969 0.5815 0.02083 0.07778
1 0.6703 0.5796 0.01927 0.06574
1 0.8391 0.4657 0.01302 0.06667
1 0.5219 0.4083 0.01146 0.05
1 0.8578 0.3685 0.009896 0.03981
2 0.9573 0.4741 0.0224 0.06204
1 0.8333 0.45 0.01562 0.05741
1 0.6073 0.4806 0.02135 0.06574
2 0.5385 0.3315 0.009896 0.03241
0 0.1271 0.4694 0.004687 0.006481
1 0.5099 0.3935 0.01146 0.04537
1 0.4349 0.8722 0.03646 0.1231
1 0.1693 0.5852 0.0224 0.08796
3 0.1333 0.4417 0.02344 0.04907
