1 0.7078 0.7491 0.01979 0.08704
1 0.6922 0.6343 0.02031 0.09537
1 0.2104 0.5852 0.02135 0.0963
1 0.9703 0.3926 0.0151 0.06111
1 0.7385 0.6111 0.01927 0.09537
1 0.3031 0.75 0.02656 0.1194
1 0.7036 0.4546 0.01615 0.07685
1 0.3719 0.3509 0.009896 0.05
1 0.8901 0.3907 0.01406 0.06111
1 0.6203 0.3269 0.01302 0.04167
2 0.7391 0.4481 0.0151 0.07315
1 0.649 0.4222 0.0151 0.06759
1 0.4146 0.4843 0.01979 0.08056
2 0.4854 0.2611 0.008854 0.03333
0 0.3812 0.638 0.01458 0.02037
1 0.3292 0.3639 0.01406 0.05463
1 0.337 0.7167 0.02917 0.125
1 0.1281 0.587 0.02708 0.0963
3 0.01302 0.3731 0.01615 0.06019
1 0.712 0.7898 0.0276 0.1176
