1 0.8063 0.5935 0.02292 0.08241
1 0.1359 0.4398 0.02083 0.06111
1 0.2719 0.5602 0.02396 0.06204
1 0.9734 0.5833 0.02187 0.08519
1 0.5995 0.6102 0.02187 0.07593
1 0.8578 0.4537 0.01354 0.06481
1 0.488 0.3778 0.01146 0.05185
1 0.8323 0.3519 0.01146 0.03981
2 0.9052 0.4593 0.01615 0.06389
1 0.8224 0.4343 0.01406 0.06111
1 0.55 0.4676 0.01406 0.06019
2 0.5687 0.3009 0.008333 0.03241
0 0.1698 0.2722 0.005208 0.009259
1 0.476 0.3704 0.01146 0.04907
1 0.4104 0.8602 0.03177 0.125
1 0.1693 0.5796 0.02292 0.08889
3 0.1156 0.4093 0.01406 0.06111
