1 0.6797 0.5769 0.0224 0.1093
1 0.3302 0.5148 0.02917 0.08519
1 0.6073 0.7509 0.03646 0.1222
1 0.9125 0.4954 0.01875 0.09907
1 0.762 0.5639 0.02604 0.09815
1 0.7599 0.425 0.02552 0.0787
1 0.4943 0.3639 0.01771 0.07037
1 0.912 0.5019 0.02969 0.1
1 0.9448 0.3528 0.0224 0.07407
1 0.7401 0.2972 0.01354 0.05556
2 0.7318 0.3963 0.02396 0.07963
1 0.5464 0.3972 0.01927 0.08426
1 0.251 0.4907 0.02708 0.09259
2 0.2568 0.2694 0.0151 0.05093
0 0.2318 0.5269 0.006771 0.01111
1 0.1151 0.3954 0.02135 0.08148
1 0.1141 0.975 0.0349 0.04815
