1 0.8651 0.7667 0.02552 0.1111
1 0.7604 0.6222 0.02448 0.08981
1 0.03802 0.45 0.01667 0.06481
1 0.2375 0.5806 0.01979 0.08056
1 0.8786 0.6046 0.01979 0.08981
1 0.4917 0.6926 0.04115 0.09815
1 0.7948 0.4602 0.0151 0.06574
1 0.4313 0.3722 0.01146 0.05
1 0.7458 0.3491 0.01354 0.04259
2 0.8292 0.4648 0.01719 0.07037
1 0.7536 0.437 0.01458 0.06481
1 0.4927 0.4824 0.01667 0.06759
2 0.5448 0.2889 0.009375 0.03426
0 0.2292 0.2889 0.006771 0.01019
1 0.4094 0.3731 0.01146 0.05093
1 0.376 0.8556 0.03385 0.1231
1 0.1641 0.5917 0.02135 0.09074
3 0.06875 0.3991 0.01458 0.05833
1 0.9167 0.7944 0.03594 0.1167
