1 0.601 0.7778 0.0375 0.1148
1 0.6307 0.6639 0.03854 0.08981
1 0.187 0.5972 0.02708 0.09074
1 0.9865 0.4491 0.01562 0.06574
1 0.8901 0.3769 0.01562 0.06019
1 0.6432 0.6102 0.02656 0.05741
1 0.2208 0.7731 0.02865 0.1213
1 0.6349 0.4583 0.02083 0.07222
1 0.3276 0.3444 0.0125 0.05
1 0.8167 0.3815 0.01875 0.05833
1 0.5359 0.3204 0.01354 0.04259
2 0.6698 0.4417 0.01719 0.06759
1 0.5703 0.4167 0.02031 0.06944
1 0.351 0.4935 0.02083 0.07778
2 0.4349 0.2491 0.008854 0.03148
0 0.599 0.5898 0.01146 0.01389
1 0.2703 0.3648 0.01667 0.05278
1 0.2979 0.7139 0.03073 0.1093
1 0.08333 0.5907 0.0276 0.0963
1 0.6302 0.7815 0.03698 0.1028
