1 0.6073 0.7778 0.03698 0.1148
1 0.6349 0.663 0.03802 0.08889
1 0.1906 0.5963 0.02708 0.08981
1 0.9927 0.4509 0.01406 0.06481
1 0.8974 0.3787 0.0151 0.06111
1 0.651 0.6074 0.02448 0.0537
1 0.225 0.7731 0.0276 0.1213
1 0.6411 0.4574 0.02031 0.07222
1 0.3323 0.3454 0.0125 0.05
1 0.8234 0.3824 0.01823 0.05833
1 0.5432 0.3204 0.01354 0.04259
2 0.6766 0.4426 0.01667 0.06667
1 0.5766 0.4167 0.02083 0.07037
1 0.3563 0.4926 0.02083 0.0787
2 0.4406 0.25 0.009375 0.03241
0 0.5911 0.5861 0.01198 0.01389
1 0.276 0.3639 0.01667 0.05185
1 0.301 0.7167 0.03021 0.1102
1 0.08802 0.5907 0.0276 0.09537
1 0.6333 0.7833 0.03594 0.1028
