1 0.4729 0.7306 0.03438 0.1056
1 0.6182 0.5907 0.03333 0.07315
1 0.01615 0.6417 0.01979 0.09074
1 0.776 0.4593 0.025 0.06481
1 0.6182 0.3769 0.01562 0.05556
1 0.5167 0.5778 0.02135 0.0787
1 0.1911 0.7722 0.04479 0.1222
1 0.4276 0.5046 0.02604 0.0787
1 0.06406 0.3852 0.01823 0.05741
1 0.7578 0.4963 0.01979 0.08056
1 0.5339 0.4231 0.01979 0.06574
1 0.1641 0.3722 0.01354 0.0537
2 0.3807 0.4713 0.01771 0.07315
1 0.349 0.4639 0.025 0.06759
1 0.2214 0.5639 0.0349 0.08148
2 0.1823 0.2657 0.009896 0.03333
0 0.562 0.2833 0.008854 0.01574
1 0.04583 0.4463 0.02656 0.06574
1 0.1094 0.7481 0.04844 0.09815
1 0.6297 0.7843 0.03438 0.1222
1 0.7885 0.5685 0.02604 0.08796
