1 0.5479 0.7213 0.03802 0.09815
1 0.4979 0.5963 0.02865 0.08519
1 0.05677 0.4963 0.02187 0.09259
1 0.2578 0.5926 0.02708 0.1
1 0.8125 0.4352 0.02135 0.08056
1 0.674 0.3648 0.01667 0.06481
1 0.5547 0.5815 0.03073 0.0963
1 0.4203 0.5898 0.0224 0.09907
1 0.4646 0.4676 0.02031 0.08519
1 0.2599 0.3537 0.01302 0.06019
1 0.8469 0.4713 0.02187 0.08241
1 0.6047 0.3954 0.01875 0.0713
1 0.2255 0.3741 0.01823 0.06019
2 0.4437 0.4306 0.01667 0.07778
1 0.3781 0.4324 0.02448 0.075
1 0.2677 0.6417 0.04844 0.04444
2 0.3224 0.2167 0.006771 0.03426
0 0.7036 0.575 0.01094 0.01574
1 0.1068 0.4759 0.02813 0.0787
1 0.2031 0.6343 0.04583 0.1009
1 0.1156 0.538 0.02031 0.09444
1 0.749 0.7046 0.03854 0.09259
1 0.8969 0.5657 0.03385 0.1
