1 0.5411 0.7787 0.04479 0.1157
1 0.5964 0.6741 0.04375 0.09722
1 0.1453 0.5991 0.0276 0.0963
1 0.9198 0.4324 0.02656 0.06944
1 0.8141 0.3657 0.01979 0.05741
1 0.5771 0.6231 0.03854 0.08241
1 0.1677 0.7741 0.04115 0.1185
1 0.575 0.4565 0.02396 0.07407
1 0.276 0.338 0.01198 0.05185
1 0.9484 0.4583 0.02344 0.06944
1 0.75 0.3713 0.02187 0.05463
1 0.4615 0.3139 0.01562 0.04167
2 0.6031 0.4343 0.01875 0.07037
1 0.5005 0.412 0.02135 0.06574
1 0.2995 0.4963 0.02292 0.07778
2 0.3792 0.2407 0.006771 0.02685
0 0.6615 0.637 0.009375 0.01389
1 0.2109 0.3676 0.01667 0.05463
1 0.2547 0.6954 0.02917 0.1019
1 0.02969 0.5954 0.03229 0.09537
1 0.5896 0.7667 0.04167 0.1037
1 0.9729 0.525 0.02031 0.06389
