1 0.8161 0.9167 0.06302 0.1657
1 0.5807 0.5759 0.02448 0.1176
1 0.4115 0.5241 0.04427 0.1093
1 0.6474 0.7176 0.03333 0.1352
1 0.8187 0.4667 0.0224 0.1
1 0.7693 0.5426 0.02865 0.1056
1 0.6484 0.3907 0.02187 0.08519
1 0.4917 0.337 0.01667 0.07037
1 0.6729 0.475 0.02656 0.09259
1 0.7198 0.3157 0.02344 0.06852
1 0.6135 0.2722 0.01875 0.05833
2 0.5786 0.363 0.01927 0.07685
1 0.4271 0.3843 0.01875 0.08981
1 0.174 0.462 0.02917 0.09537
2 0.1589 0.2472 0.01615 0.05556
0 0.1729 0.487 0.006771 0.01111
1 0.00625 0.3935 0.01198 0.08704
