1 0.7604 0.7676 0.02396 0.1204
1 0.7203 0.6315 0.02604 0.09815
1 0.2198 0.5861 0.01979 0.08704
1 0.7953 0.6093 0.025 0.09074
1 0.3609 0.7296 0.02813 0.1111
1 0.7354 0.4546 0.0151 0.0713
1 0.3906 0.3583 0.01198 0.05093
1 0.9307 0.3991 0.01562 0.06296
1 0.6651 0.3333 0.01406 0.04259
2 0.7708 0.4546 0.01667 0.06852
1 0.687 0.4259 0.01354 0.06667
1 0.4448 0.4824 0.01719 0.07407
2 0.5068 0.2694 0.008333 0.03426
0 0.2984 0.512 0.009375 0.01944
1 0.3573 0.3657 0.01354 0.0537
1 0.3474 0.7759 0.02969 0.112
1 0.1432 0.5926 0.0224 0.0963
3 0.03333 0.3815 0.01458 0.05741
1 0.7828 0.7852 0.03646 0.1176
