1 0.8083 0.9157 0.06354 0.1667
1 0.5786 0.5759 0.02448 0.1176
1 0.4146 0.525 0.04531 0.1093
1 0.649 0.7176 0.03229 0.1352
1 0.8172 0.4667 0.02292 0.1
1 0.7682 0.5426 0.0276 0.1065
1 0.6464 0.3917 0.0224 0.08426
1 0.4927 0.337 0.01615 0.06944
1 0.6682 0.4759 0.02552 0.09167
1 0.7156 0.3148 0.02344 0.06759
1 0.6109 0.2722 0.01875 0.05833
2 0.576 0.363 0.01927 0.07685
1 0.425 0.3843 0.01875 0.08981
1 0.1724 0.462 0.03021 0.09537
2 0.1578 0.2472 0.01615 0.05556
0 0.1714 0.487 0.006771 0.01111
1 0.004167 0.3917 0.008854 0.08519
