1 0.5484 0.7204 0.03802 0.09722
1 0.4969 0.5954 0.02865 0.08611
1 0.05521 0.4963 0.02187 0.09259
1 0.2557 0.5926 0.0276 0.1
1 0.8109 0.4352 0.02135 0.08056
1 0.6719 0.3639 0.01667 0.06481
1 0.5536 0.5806 0.03125 0.0963
1 0.4172 0.5889 0.02031 0.09815
1 0.462 0.4667 0.01979 0.08519
1 0.2583 0.3528 0.01302 0.06019
1 0.8453 0.4713 0.02187 0.08241
1 0.6031 0.3944 0.01875 0.0713
1 0.2234 0.3741 0.01823 0.06019
2 0.4417 0.4296 0.01667 0.07778
1 0.376 0.4324 0.02396 0.075
1 0.2661 0.6407 0.04844 0.04444
2 0.3214 0.2157 0.007292 0.03426
0 0.7125 0.5917 0.01042 0.01667
1 0.1052 0.4759 0.0276 0.07778
1 0.201 0.6352 0.04531 0.1019
1 0.1135 0.538 0.02083 0.09444
1 0.75 0.7046 0.03854 0.09352
1 0.8958 0.5657 0.03385 0.09907
