1 0.4625 0.7398 0.03438 0.1111
1 0.6151 0.5963 0.03229 0.07222
1 0.7641 0.4556 0.02604 0.06389
1 0.6062 0.375 0.01562 0.05648
1 0.5016 0.5824 0.02031 0.08056
1 0.1609 0.775 0.04479 0.1231
1 0.4161 0.5056 0.02448 0.07685
1 0.04635 0.3861 0.0151 0.05741
1 0.7464 0.4935 0.01979 0.0787
1 0.5234 0.4185 0.01823 0.06389
1 0.1542 0.3694 0.01354 0.05278
2 0.3708 0.4704 0.01667 0.07407
1 0.3339 0.4602 0.02187 0.06759
1 0.1979 0.5593 0.03281 0.08333
2 0.1651 0.2667 0.008333 0.03333
0 0.5953 0.3324 0.009375 0.01667
1 0.02604 0.4426 0.02396 0.06667
1 0.0776 0.7546 0.05052 0.09907
1 0.6083 0.7889 0.03281 0.1213
1 0.7688 0.5639 0.02187 0.08889
