1 0.4281 0.7759 0.03333 0.1222
1 0.5526 0.6407 0.03229 0.09259
1 0.7323 0.4259 0.0224 0.06944
1 0.6078 0.3611 0.01615 0.05648
1 0.4651 0.6028 0.0276 0.0963
1 0.06927 0.7889 0.04167 0.1213
1 0.4078 0.4722 0.02135 0.07778
1 0.07396 0.363 0.01719 0.05278
1 0.7557 0.4537 0.01823 0.06389
1 0.5536 0.3806 0.01615 0.05926
1 0.2281 0.3398 0.01406 0.04352
2 0.4 0.4472 0.01771 0.06852
1 0.313 0.4333 0.01979 0.0713
1 0.1547 0.5324 0.02344 0.08241
2 0.1833 0.2556 0.00625 0.02963
0 0.6948 0.5769 0.007292 0.01204
1 0.02448 0.4065 0.02031 0.06389
1 0.04583 0.7352 0.04271 0.09722
1 0.5073 0.7519 0.03854 0.1065
1 0.7625 0.5361 0.025 0.0787
