1 0.8958 0.7667 0.0276 0.112
1 0.7672 0.6176 0.02292 0.08611
1 0.05312 0.45 0.01719 0.06667
1 0.2422 0.5796 0.02135 0.0787
1 0.8964 0.6037 0.01927 0.09167
1 0.5161 0.6796 0.03906 0.09537
1 0.8089 0.462 0.01406 0.06574
1 0.4417 0.3759 0.01094 0.05
1 0.7646 0.3509 0.01354 0.04167
2 0.8448 0.4657 0.01667 0.06852
1 0.7682 0.4389 0.01406 0.06481
1 0.5042 0.4815 0.01615 0.06481
2 0.5521 0.2935 0.008854 0.03519
0 0.2177 0.263 0.006771 0.009259
1 0.4224 0.3759 0.01146 0.05093
1 0.3849 0.8667 0.03281 0.1259
1 0.1682 0.5917 0.02135 0.08981
3 0.07812 0.4028 0.01406 0.05741
1 0.9578 0.7963 0.03229 0.112
