1 0.8901 0.5963 0.01979 0.08426
1 0.3312 0.4815 0.02813 0.06759
1 0.3198 0.6148 0.03021 0.07778
1 0.7292 0.5815 0.02396 0.07778
1 0.7901 0.4685 0.0125 0.06574
1 0.512 0.4269 0.009896 0.05463
1 0.8438 0.3685 0.01094 0.04167
2 0.9927 0.4815 0.01354 0.06667
1 0.8125 0.4546 0.01667 0.06574
1 0.6161 0.4861 0.02031 0.06481
2 0.5073 0.3389 0.01042 0.03426
0 0.1182 0.4787 0.005208 0.007407
1 0.5016 0.412 0.01198 0.05463
1 0.4437 0.8935 0.03229 0.1333
1 0.1552 0.5787 0.02083 0.08333
3 0.09167 0.4546 0.01667 0.05833
