1 0.4234 0.7694 0.03125 0.1194
1 0.5526 0.6333 0.03125 0.09167
1 0.7234 0.4296 0.01927 0.06944
1 0.5958 0.3648 0.01771 0.05741
1 0.462 0.6009 0.02813 0.09722
1 0.06771 0.7852 0.04844 0.1204
1 0.4 0.4787 0.01927 0.07593
1 0.0599 0.3704 0.0151 0.0537
1 0.7432 0.4593 0.01771 0.06389
1 0.5401 0.388 0.01458 0.05833
1 0.2094 0.3463 0.01406 0.04444
2 0.387 0.4509 0.01979 0.0713
1 0.3047 0.4389 0.01875 0.07315
1 0.1495 0.537 0.03177 0.08426
2 0.1708 0.2593 0.005729 0.03056
0 0.6995 0.5843 0.006771 0.01111
1 0.01458 0.4157 0.01615 0.06296
1 0.03073 0.7463 0.04531 0.09815
1 0.5109 0.7574 0.03542 0.1065
1 0.7516 0.5426 0.02448 0.08056
