1 0.7042 0.9102 0.06719 0.1657
1 0.5464 0.575 0.02552 0.1167
1 0.4411 0.5407 0.04375 0.1093
1 0.6526 0.7185 0.04479 0.1324
1 0.9573 0.3222 0.02708 0.07593
1 0.8068 0.463 0.0224 0.09815
1 0.7635 0.5463 0.0375 0.09259
1 0.6036 0.387 0.02031 0.08704
1 0.4948 0.3306 0.02135 0.06759
1 0.6057 0.4713 0.03594 0.09167
1 0.6479 0.3102 0.03125 0.06667
1 0.5656 0.2685 0.01354 0.05741
2 0.5349 0.3593 0.01823 0.07593
1 0.3901 0.3843 0.01979 0.08796
1 0.1547 0.4583 0.02865 0.09537
2 0.1339 0.2463 0.01406 0.05556
0 0.1573 0.4972 0.008333 0.01111
