1 0.4234 0.7704 0.03125 0.1176
1 0.5516 0.6343 0.03177 0.09167
1 0.725 0.4287 0.01979 0.07037
1 0.5979 0.3648 0.01823 0.05741
1 0.462 0.6019 0.02813 0.09722
1 0.06719 0.7843 0.05 0.1194
1 0.4016 0.4778 0.01823 0.07593
1 0.06302 0.3694 0.0151 0.05278
1 0.7448 0.4583 0.01719 0.06204
1 0.5427 0.3861 0.0151 0.05741
1 0.2135 0.3454 0.01458 0.04352
2 0.3896 0.45 0.02031 0.0713
1 0.3057 0.438 0.01771 0.07315
1 0.1505 0.5352 0.03281 0.08333
2 0.1729 0.2583 0.005208 0.03056
0 0.6984 0.5926 0.00625 0.01019
1 0.01667 0.4148 0.01615 0.06296
1 0.03177 0.7435 0.04688 0.09722
1 0.5099 0.7565 0.03438 0.1056
1 0.7526 0.5417 0.02448 0.08056
