1 0.8307 0.7667 0.025 0.1139
1 0.75 0.6269 0.02865 0.09537
1 0.01979 0.4491 0.01719 0.06667
1 0.2307 0.5787 0.02083 0.07963
1 0.8521 0.6065 0.02135 0.08796
1 0.4531 0.7028 0.03229 0.1009
1 0.7755 0.4556 0.0151 0.06481
1 0.4167 0.3667 0.01094 0.04907
1 0.9865 0.412 0.01719 0.06111
1 0.7198 0.3426 0.01302 0.04167
2 0.8109 0.4583 0.01615 0.07037
1 0.7328 0.4343 0.01458 0.06667
1 0.4781 0.4815 0.01615 0.075
2 0.5333 0.2815 0.008333 0.03426
0 0.2458 0.3343 0.006771 0.01204
1 0.3922 0.3685 0.01198 0.05185
1 0.3672 0.8352 0.03854 0.1259
1 0.1573 0.5907 0.01927 0.08981
3 0.05625 0.3917 0.01354 0.05741
1 0.8755 0.7907 0.04115 0.1185
