1 0.599 0.7037 0.0375 0.1148
1 0.4307 0.5981 0.03698 0.09444
1 0.06458 0.7593 0.03073 0.1204
1 0.6995 0.4407 0.025 0.07685
1 0.3901 0.3843 0.01562 0.06852
1 0.5646 0.4917 0.01771 0.08611
1 0.4073 0.6093 0.04219 0.08426
1 0.2911 0.4898 0.02865 0.08796
1 0.7714 0.5037 0.01562 0.08889
1 0.3594 0.4833 0.02292 0.0787
2 0.2536 0.5093 0.02135 0.08796
1 0.413 0.6528 0.04948 0.112
1 0.1734 0.5241 0.01875 0.08519
1 0.05365 0.7991 0.03698 0.1306
1 0.8229 0.7426 0.04635 0.1231
1 0.8599 0.5259 0.03438 0.09074
3 0.9516 0.3287 0.01302 0.06296
