1 0.7292 0.913 0.06979 0.1713
1 0.5557 0.575 0.02656 0.1176
1 0.4359 0.537 0.04427 0.1074
1 0.651 0.7231 0.05052 0.1287
1 0.9698 0.3213 0.02917 0.07593
1 0.8104 0.4657 0.02656 0.09537
1 0.7688 0.5435 0.03854 0.09907
1 0.6161 0.3852 0.01667 0.08981
1 0.4943 0.3315 0.02083 0.06944
1 0.624 0.4713 0.0375 0.09167
1 0.6672 0.3102 0.03073 0.06759
1 0.5776 0.2667 0.01146 0.05833
2 0.5448 0.3602 0.02031 0.07407
1 0.399 0.3815 0.01875 0.08981
1 0.1578 0.4583 0.03021 0.09537
2 0.1391 0.2454 0.01406 0.05556
0 0.1599 0.4861 0.006771 0.01111
