1 0.876 0.7667 0.02552 0.1102
1 0.7635 0.6222 0.02292 0.08889
1 0.04427 0.45 0.01615 0.06481
1 0.2396 0.5815 0.01927 0.08056
1 0.8865 0.6037 0.01875 0.08981
1 0.5026 0.688 0.04375 0.09722
1 0.8005 0.462 0.0151 0.06574
1 0.4354 0.375 0.01146 0.05093
1 0.7542 0.35 0.01354 0.04259
2 0.8349 0.4667 0.01771 0.07037
1 0.7599 0.437 0.01458 0.06389
1 0.4969 0.4843 0.01667 0.06574
2 0.549 0.2917 0.009896 0.03519
0 0.224 0.2741 0.006771 0.009259
1 0.4151 0.375 0.01146 0.05093
1 0.3792 0.862 0.03229 0.1222
1 0.1661 0.5926 0.02187 0.09167
3 0.07187 0.4019 0.0151 0.05833
1 0.9297 0.7954 0.03385 0.1157
