1 0.7151 0.6898 0.02813 0.1148
1 0.487 0.5611 0.03698 0.08056
1 0.2677 0.6944 0.02552 0.1231
1 0.8583 0.4481 0.01927 0.08519
1 0.5615 0.3898 0.0151 0.06944
1 0.7167 0.4935 0.0224 0.08426
1 0.5469 0.5944 0.04531 0.0463
1 0.4365 0.5185 0.02708 0.08889
1 0.2016 0.3954 0.0151 0.0713
1 0.95 0.5194 0.01771 0.08981
1 0.5484 0.488 0.01875 0.08889
2 0.4208 0.4889 0.02187 0.08148
1 0.1302 0.4389 0.0125 0.0713
1 0.4099 0.6037 0.04115 0.09907
2 0.1359 0.2398 0.01094 0.04074
0 0.4125 0.5565 0.005729 0.01111
1 0.3953 0.5194 0.03385 0.09167
1 0.2193 0.7306 0.03438 0.1231
1 0.9026 0.7222 0.03333 0.1204
1 0.9615 0.5361 0.03177 0.09074
