1 0.6922 0.9083 0.06563 0.163
1 0.5427 0.5741 0.025 0.1157
1 0.4443 0.5426 0.04375 0.1102
1 0.6526 0.7157 0.04219 0.1343
1 0.9516 0.3213 0.02604 0.075
1 0.8052 0.463 0.02083 0.09907
1 0.7609 0.5472 0.03698 0.08889
1 0.5974 0.388 0.0224 0.08519
1 0.4953 0.3306 0.02187 0.06667
1 0.5974 0.4704 0.0349 0.09074
1 0.6391 0.3102 0.03125 0.06574
1 0.5599 0.2685 0.01458 0.05648
2 0.5302 0.3583 0.01771 0.07593
1 0.3859 0.3843 0.02031 0.08704
1 0.1531 0.4593 0.02813 0.09537
2 0.1313 0.2472 0.01406 0.05556
0 0.1568 0.4991 0.008333 0.01111
