1 0.8562 0.5926 0.01875 0.07778
1 0.2495 0.4611 0.02083 0.05926
1 0.2958 0.5769 0.02083 0.07593
1 0.6609 0.5806 0.01562 0.06481
1 0.8474 0.4676 0.01302 0.06574
1 0.5224 0.4056 0.01146 0.04907
1 0.8589 0.3657 0.009375 0.03704
2 0.9495 0.4704 0.0151 0.06019
1 0.8359 0.4491 0.01302 0.05648
1 0.6016 0.4778 0.01927 0.06574
2 0.5464 0.3278 0.009375 0.03426
0 0.1286 0.4657 0.004687 0.006481
1 0.5094 0.3917 0.01562 0.04352
1 0.4339 0.8676 0.02865 0.1231
1 0.1682 0.5852 0.02292 0.08796
3 0.138 0.4398 0.02344 0.05093
