1 0.4302 0.7787 0.03438 0.1241
1 0.5531 0.6435 0.03229 0.09259
1 0.7354 0.4241 0.02396 0.06852
1 0.6115 0.3602 0.0151 0.05648
1 0.4667 0.6037 0.02708 0.09537
1 0.07083 0.7898 0.03854 0.1213
1 0.4115 0.4694 0.02292 0.0787
1 0.07969 0.3602 0.01823 0.05278
1 0.7599 0.4519 0.01875 0.06481
1 0.5578 0.3778 0.01667 0.06019
1 0.2344 0.337 0.01406 0.04352
2 0.4047 0.4454 0.01615 0.06759
1 0.3167 0.4315 0.02031 0.07037
1 0.1578 0.5315 0.01979 0.08148
2 0.1875 0.2537 0.006771 0.0287
0 0.6932 0.5704 0.007812 0.01296
1 0.0276 0.4037 0.02187 0.06481
1 0.05208 0.7315 0.04115 0.09722
1 0.5062 0.7491 0.04063 0.1065
1 0.7667 0.5343 0.025 0.07778
