1 0.4797 0.8824 0.04635 0.15
1 0.4885 0.5889 0.01927 0.113
1 0.5078 0.5769 0.0276 0.1167
1 0.6609 0.6917 0.0276 0.1324
1 0.9901 0.413 0.01562 0.09352
1 0.8906 0.337 0.01927 0.07407
1 0.8047 0.475 0.02865 0.08333
1 0.7396 0.5463 0.01771 0.1019
1 0.5604 0.388 0.01719 0.07963
1 0.5099 0.3389 0.01302 0.06759
1 0.5177 0.4769 0.03021 0.09259
1 0.4964 0.3306 0.02448 0.05926
1 0.4922 0.2824 0.01198 0.0537
2 0.4531 0.3639 0.02448 0.07315
1 0.3359 0.4037 0.01979 0.08704
1 0.1344 0.4704 0.01458 0.1009
2 0.1047 0.2648 0.01406 0.0537
0 0.5021 0.513 0.005729 0.01019
