1 0.8786 0.5889 0.02448 0.08241
1 0.3427 0.4806 0.02083 0.06574
1 0.3427 0.637 0.01979 0.08889
1 0.7427 0.5787 0.02813 0.0713
1 0.738 0.4583 0.01823 0.06389
1 0.4802 0.4269 0.01615 0.05648
1 0.812 0.3639 0.0125 0.04259
2 0.9859 0.4769 0.02604 0.06481
1 0.7677 0.4491 0.0151 0.06481
1 0.5734 0.4787 0.01771 0.06574
2 0.4708 0.3361 0.01302 0.03611
0 0.1339 0.4815 0.005208 0.007407
1 0.4578 0.4176 0.01406 0.05648
1 0.4359 0.9102 0.02813 0.1352
1 0.1031 0.5713 0.01875 0.08519
3 0.008333 0.4528 0.01406 0.06481
