1 0.6995 0.6889 0.03854 0.1139
1 0.4719 0.5472 0.02083 0.09352
1 0.004687 0.6083 0.009375 0.1204
1 0.2865 0.6861 0.02448 0.1222
1 0.875 0.4407 0.02396 0.08704
1 0.574 0.3824 0.01615 0.07407
1 0.7229 0.4907 0.01979 0.08796
1 0.5792 0.5926 0.0401 0.05093
1 0.4323 0.5148 0.01979 0.09815
1 0.2146 0.3861 0.01719 0.07037
1 0.974 0.5185 0.01875 0.09815
1 0.5703 0.4852 0.02187 0.09259
2 0.4349 0.4667 0.01875 0.06111
1 0.1328 0.4269 0.01562 0.07407
1 0.3531 0.588 0.03333 0.1065
2 0.1375 0.2296 0.01094 0.03981
0 0.4203 0.5722 0.006771 0.01111
1 0.4297 0.5306 0.02344 0.08796
1 0.1938 0.7315 0.03542 0.1204
1 0.00625 0.562 0.0125 0.09907
1 0.8802 0.7083 0.03906 0.1111
1 0.9542 0.5333 0.02813 0.09167
