1 0.6344 0.6926 0.03333 0.1157
1 0.4464 0.5741 0.03125 0.08241
1 0.1469 0.7241 0.02865 0.1269
1 0.7443 0.4398 0.01875 0.08056
1 0.4536 0.3843 0.01979 0.06574
1 0.6151 0.4861 0.01667 0.08611
1 0.4354 0.5972 0.04427 0.03519
1 0.3797 0.4935 0.02969 0.06574
1 0.07187 0.4056 0.01302 0.07315
1 0.8214 0.5065 0.01771 0.08889
1 0.4245 0.4833 0.02813 0.07963
2 0.3151 0.5019 0.01823 0.08889
1 0.006771 0.4593 0.01198 0.0713
1 0.4333 0.6324 0.03958 0.1009
2 0.01458 0.2444 0.01094 0.03889
0 0.399 0.5852 0.006771 0.01296
1 0.2318 0.5176 0.02135 0.08148
1 0.1307 0.763 0.03177 0.1269
1 0.8354 0.7389 0.04531 0.125
1 0.8849 0.525 0.02292 0.08333
