1 0.4844 0.8759 0.05677 0.1583
1 0.488 0.5889 0.01875 0.113
1 0.5099 0.5769 0.02708 0.1185
1 0.6635 0.6907 0.02448 0.1333
1 0.9901 0.4139 0.01562 0.09352
1 0.8917 0.338 0.02031 0.07407
1 0.8047 0.4778 0.02552 0.08056
1 0.7427 0.5444 0.01979 0.1046
1 0.5646 0.3898 0.02083 0.07963
1 0.512 0.3417 0.01198 0.06852
1 0.5219 0.4769 0.02344 0.09352
1 0.4958 0.3278 0.01979 0.06389
1 0.4922 0.2833 0.01198 0.0537
2 0.4495 0.3639 0.025 0.07315
1 0.337 0.4037 0.02083 0.08704
1 0.1344 0.4713 0.01458 0.1009
2 0.1052 0.2657 0.01406 0.0537
0 0.5016 0.5139 0.005729 0.01019
