1 0.4234 0.7676 0.03125 0.1222
1 0.5552 0.6296 0.02969 0.09259
1 0.7198 0.4324 0.01823 0.06852
1 0.5917 0.3657 0.01719 0.05741
1 0.4609 0.6009 0.0276 0.09907
1 0.07083 0.7861 0.04531 0.1231
1 0.3974 0.4806 0.02135 0.07778
1 0.05208 0.3731 0.01615 0.05556
1 0.737 0.4639 0.01823 0.06852
1 0.5328 0.3898 0.01406 0.06019
1 0.1969 0.3491 0.01302 0.0463
2 0.3807 0.4528 0.01875 0.0713
1 0.3021 0.4389 0.02083 0.07222
1 0.15 0.5398 0.02865 0.08519
2 0.1641 0.262 0.007292 0.03148
0 0.7005 0.5741 0.006771 0.01204
1 0.01042 0.4194 0.01667 0.06481
1 0.02813 0.75 0.04167 0.1009
1 0.513 0.7574 0.0375 0.1083
1 0.7474 0.5435 0.02344 0.08148
