1 0.6104 0.6944 0.03021 0.1176
1 0.4349 0.5843 0.03646 0.09259
1 0.09219 0.7435 0.03385 0.1157
1 0.7161 0.4398 0.0224 0.07685
1 0.4109 0.3833 0.01823 0.06852
1 0.5813 0.4926 0.01927 0.08519
1 0.4203 0.6065 0.04271 0.06204
1 0.3224 0.4861 0.02865 0.08333
1 0.788 0.5037 0.02031 0.08889
1 0.3833 0.4824 0.02292 0.0787
2 0.274 0.5056 0.02135 0.08796
1 0.4219 0.6472 0.04479 0.1046
1 0.1932 0.5194 0.01875 0.08519
1 0.0776 0.787 0.03802 0.1324
1 0.8266 0.7352 0.03021 0.125
1 0.8688 0.5259 0.02865 0.09352
3 0.9719 0.3315 0.01927 0.06296
