1 0.5443 0.7611 0.02708 0.1306
1 0.4172 0.6037 0.03073 0.08796
1 0.6047 0.4389 0.01458 0.07963
1 0.2672 0.3917 0.01823 0.07593
1 0.4661 0.5185 0.01823 0.09259
1 0.2646 0.7074 0.02813 0.1028
1 0.1266 0.4972 0.0276 0.08704
1 0.6708 0.4963 0.01875 0.08889
1 0.2292 0.4917 0.02396 0.08981
2 0.1182 0.5213 0.02396 0.09537
1 0.2516 0.7083 0.03073 0.1157
0 0.2792 0.6787 0.01094 0.01667
1 0.03073 0.5287 0.03333 0.09815
1 0.8146 0.7389 0.04271 0.1167
1 0.8094 0.5222 0.01927 0.09352
3 0.8464 0.3176 0.0151 0.06574
