1 0.9646 0.9194 0.06927 0.1593
1 0.6161 0.575 0.025 0.1148
1 0.363 0.512 0.02552 0.1046
1 0.6307 0.7306 0.05156 0.1306
1 0.8484 0.4769 0.02135 0.09722
1 0.7693 0.5444 0.03125 0.1056
1 0.7042 0.3972 0.03073 0.08426
1 0.4859 0.3389 0.01771 0.07222
1 0.7661 0.4787 0.03698 0.09722
1 0.812 0.3222 0.03281 0.075
1 0.6682 0.2713 0.01667 0.06111
2 0.6375 0.3713 0.02344 0.08519
1 0.4729 0.3815 0.01771 0.08796
1 0.2036 0.4648 0.025 0.09352
2 0.1901 0.25 0.01406 0.05556
0 0.1943 0.5083 0.006771 0.01111
1 0.03906 0.388 0.02187 0.08704
