1 0.8177 0.5889 0.02344 0.08333
1 0.1635 0.4407 0.02448 0.06204
1 0.2859 0.5556 0.02448 0.06852
1 0.9901 0.5759 0.01302 0.0787
1 0.6161 0.5963 0.02187 0.0713
1 0.8651 0.4546 0.01354 0.06481
1 0.5 0.3796 0.01042 0.04907
1 0.8448 0.3491 0.01146 0.04167
2 0.9167 0.4574 0.01719 0.06111
1 0.8313 0.4324 0.01354 0.06019
1 0.5641 0.4648 0.0151 0.06111
2 0.5693 0.3019 0.008854 0.03333
0 0.1609 0.3102 0.005208 0.009259
1 0.4885 0.3713 0.009896 0.0463
1 0.4198 0.862 0.03229 0.1343
1 0.1724 0.5778 0.02448 0.08796
3 0.1276 0.4139 0.02031 0.05833
