1 0.8891 0.5926 0.02604 0.08426
1 0.349 0.4815 0.02396 0.06574
1 0.3417 0.6315 0.0375 0.08704
1 0.7411 0.5778 0.02604 0.07315
1 0.7568 0.4602 0.01667 0.06667
1 0.4927 0.4269 0.01927 0.05648
1 0.825 0.363 0.008854 0.04259
2 0.9927 0.4806 0.01302 0.06481
1 0.7828 0.4519 0.01771 0.06481
1 0.5927 0.4824 0.02187 0.06389
2 0.4854 0.338 0.01094 0.03611
0 0.1323 0.4796 0.005208 0.007407
1 0.4755 0.4157 0.01146 0.05278
1 0.4422 0.9074 0.02969 0.1352
1 0.1208 0.5722 0.02344 0.08426
3 0.03385 0.4528 0.01771 0.06111
