1 0.5552 0.7361 0.02448 0.1306
1 0.4302 0.6139 0.0276 0.09722
1 0.6292 0.4407 0.02187 0.07963
1 0.2995 0.3907 0.01667 0.07037
1 0.4943 0.5167 0.01823 0.08704
1 0.2974 0.6935 0.04792 0.1028
1 0.1682 0.4954 0.01927 0.08704
1 0.6969 0.5 0.02031 0.08889
1 0.263 0.4889 0.02187 0.08889
2 0.1547 0.5185 0.02135 0.09352
1 0.3146 0.6852 0.05781 0.09722
0 0.3094 0.6333 0.01094 0.01667
1 0.07812 0.5269 0.03073 0.09167
1 0.8167 0.7361 0.02448 0.1231
1 0.8286 0.5287 0.03229 0.08611
3 0.8714 0.3231 0.0151 0.06574
