1 0.5344 0.7148 0.04063 0.09074
1 0.525 0.5907 0.03229 0.08611
1 0.08177 0.4981 0.02344 0.08889
1 0.2922 0.6037 0.0224 0.09352
1 0.8432 0.4481 0.02187 0.0787
1 0.7146 0.3778 0.01615 0.06389
1 0.5781 0.5907 0.02448 0.09352
1 0.4417 0.5981 0.0224 0.09444
1 0.4984 0.4833 0.02083 0.08519
1 0.2938 0.363 0.01302 0.06019
1 0.8792 0.4833 0.02448 0.08056
1 0.6417 0.4083 0.01823 0.07222
1 0.2651 0.3843 0.01458 0.05926
2 0.4776 0.4444 0.01667 0.07778
1 0.4099 0.4444 0.02344 0.075
1 0.2969 0.6417 0.03802 0.05648
2 0.3589 0.2296 0.006771 0.03426
0 0.6359 0.4778 0.01094 0.01574
1 0.1396 0.4824 0.02083 0.08426
1 0.2391 0.6324 0.02604 0.09167
1 0.1578 0.55 0.02552 0.08889
1 0.7438 0.7102 0.03698 0.08611
1 0.9146 0.5806 0.03385 0.09537
