1 0.7818 0.7676 0.02448 0.1185
1 0.7297 0.6296 0.02656 0.09722
1 0.005208 0.4407 0.01042 0.06296
1 0.2234 0.5843 0.02031 0.08519
1 0.8125 0.6074 0.02396 0.08981
1 0.3859 0.7204 0.0276 0.1037
1 0.7474 0.4556 0.0151 0.06944
1 0.3979 0.3602 0.01146 0.05
1 0.9479 0.4037 0.01615 0.06204
1 0.6813 0.337 0.01354 0.04259
2 0.7828 0.4565 0.01667 0.06944
1 0.701 0.4287 0.01406 0.06667
1 0.4547 0.4824 0.01667 0.07407
2 0.5146 0.2731 0.008333 0.03426
0 0.2812 0.4528 0.008854 0.01759
1 0.3677 0.3657 0.01302 0.05278
1 0.3542 0.7935 0.03229 0.1037
1 0.1474 0.5917 0.02187 0.09444
3 0.04063 0.3843 0.01406 0.05741
1 0.8104 0.787 0.03802 0.1176
