1 0.7125 0.6907 0.03073 0.1111
1 0.4854 0.5528 0.03021 0.08889
1 0.00625 0.612 0.01198 0.1213
1 0.2818 0.6898 0.02396 0.1222
1 0.8719 0.4454 0.02031 0.08704
1 0.5703 0.387 0.01406 0.07222
1 0.7214 0.4926 0.01927 0.08704
1 0.5677 0.5935 0.04115 0.04722
1 0.4354 0.5176 0.02448 0.09259
1 0.213 0.3907 0.01562 0.06944
1 0.9682 0.5213 0.01823 0.09259
1 0.563 0.4889 0.01875 0.09167
2 0.4318 0.4778 0.01979 0.06667
1 0.137 0.4352 0.01302 0.0713
1 0.3875 0.5963 0.02969 0.1056
2 0.1417 0.2361 0.01094 0.03981
0 0.4276 0.5611 0.005729 0.01111
1 0.4156 0.5241 0.03229 0.08796
1 0.2135 0.7296 0.03073 0.1213
1 0.008333 0.5648 0.01719 0.1028
1 0.8938 0.7167 0.02969 0.1167
1 0.9635 0.5343 0.02969 0.09074
