1 0.6141 0.7222 0.03906 0.1009
1 0.4453 0.6157 0.03333 0.1028
1 0.1198 0.5889 0.02552 0.07407
1 0.6911 0.4083 0.02344 0.07685
1 0.5307 0.3463 0.01615 0.06667
1 0.4922 0.5694 0.0276 0.09444
1 0.325 0.5907 0.02448 0.1
1 0.3297 0.4491 0.01823 0.08426
1 0.125 0.3509 0.01615 0.06481
1 0.7292 0.4472 0.02344 0.07593
1 0.4656 0.3778 0.01823 0.0713
1 0.08958 0.3769 0.02031 0.06111
2 0.3312 0.4148 0.02292 0.06574
1 0.2536 0.4306 0.02031 0.07963
1 0.1125 0.6213 0.03438 0.1037
2 0.1901 0.2037 0.009375 0.03426
0 0.824 0.6343 0.01094 0.01574
1 0.006771 0.4852 0.01354 0.08333
1 0.04219 0.6861 0.04896 0.1194
1 0.7776 0.6907 0.04948 0.1
1 0.8292 0.5398 0.03698 0.09074
