1 0.9286 0.9157 0.06458 0.1667
1 0.6083 0.5731 0.02448 0.1157
1 0.3734 0.5148 0.02969 0.1065
1 0.6318 0.7278 0.04948 0.1343
1 0.8401 0.4722 0.02031 0.09815
1 0.7698 0.5463 0.03073 0.1019
1 0.6901 0.3926 0.02552 0.08611
1 0.4849 0.3398 0.01823 0.06944
1 0.7453 0.4778 0.02604 0.09815
1 0.7885 0.3222 0.02656 0.07685
1 0.6542 0.2694 0.01406 0.06019
2 0.6234 0.3704 0.02135 0.08148
1 0.462 0.3824 0.01771 0.08796
1 0.1974 0.463 0.02448 0.09352
2 0.1818 0.2491 0.0151 0.05556
0 0.1896 0.5 0.006771 0.01111
1 0.03021 0.3889 0.02187 0.08889
