1 0.4901 0.8713 0.0349 0.1593
1 0.4859 0.5889 0.01667 0.113
1 0.512 0.5769 0.02708 0.1231
1 0.6661 0.688 0.02292 0.1306
1 0.9911 0.4167 0.01562 0.09352
1 0.8984 0.338 0.0125 0.075
1 0.8052 0.4806 0.02604 0.07593
1 0.7479 0.5435 0.02135 0.1046
1 0.576 0.3898 0.01667 0.07963
1 0.5151 0.3435 0.01146 0.06944
1 0.5214 0.4778 0.0151 0.09537
1 0.4943 0.3324 0.01302 0.0713
1 0.4922 0.2843 0.01198 0.05278
2 0.4318 0.363 0.0276 0.07222
1 0.3411 0.4074 0.01823 0.08704
1 0.1349 0.4731 0.01458 0.1009
2 0.1047 0.2685 0.01302 0.0537
0 0.5016 0.5157 0.00625 0.01019
