1 0.7406 0.9139 0.06927 0.1704
1 0.5583 0.575 0.02604 0.1176
1 0.4328 0.5352 0.04427 0.1074
1 0.651 0.7213 0.04792 0.1296
1 0.9745 0.3213 0.02708 0.07778
1 0.8109 0.4657 0.02604 0.0963
1 0.7693 0.5426 0.03698 0.1
1 0.6203 0.3861 0.01771 0.08981
1 0.4943 0.3324 0.02031 0.06944
1 0.6302 0.4722 0.03594 0.09167
1 0.6734 0.3111 0.02969 0.06759
1 0.5823 0.2676 0.0125 0.05833
2 0.5495 0.3602 0.02031 0.075
1 0.4026 0.3824 0.01875 0.08981
1 0.1599 0.4593 0.03021 0.09537
2 0.1417 0.2454 0.01458 0.05556
0 0.1615 0.4852 0.006771 0.01111
