1 0.4786 0.7269 0.03542 0.1019
1 0.6203 0.5852 0.03281 0.0713
1 0.02708 0.6398 0.02604 0.09352
1 0.7833 0.4602 0.025 0.06574
1 0.6255 0.3769 0.0151 0.05556
1 0.5266 0.575 0.0224 0.07778
1 0.2073 0.7713 0.04323 0.1213
1 0.4344 0.5056 0.02656 0.07963
1 0.075 0.3843 0.01979 0.05648
1 0.7646 0.4972 0.01979 0.08056
1 0.5401 0.4231 0.02031 0.06759
1 0.1714 0.3722 0.01354 0.0537
2 0.387 0.4713 0.01771 0.07222
1 0.3563 0.4657 0.02552 0.06852
1 0.2349 0.5667 0.03698 0.08056
2 0.1922 0.2648 0.01094 0.03333
0 0.549 0.2639 0.008854 0.01481
1 0.05781 0.4454 0.02865 0.06389
1 0.126 0.7454 0.04479 0.1
1 0.6401 0.7796 0.03385 0.1231
1 0.8 0.5704 0.02969 0.08704
