1 0.613 0.6917 0.02813 0.1185
1 0.4359 0.5815 0.03646 0.09167
1 0.1057 0.737 0.0349 0.113
1 0.7198 0.4398 0.02187 0.07685
1 0.4156 0.3833 0.01875 0.06944
1 0.5859 0.4926 0.01979 0.08519
1 0.4229 0.6056 0.04271 0.05648
1 0.3307 0.4852 0.02865 0.08241
1 0.7911 0.5037 0.02135 0.08889
1 0.3891 0.4824 0.02292 0.0787
2 0.2786 0.5046 0.02135 0.08796
1 0.426 0.6454 0.04271 0.1009
1 0.1984 0.5185 0.01875 0.08519
1 0.08958 0.7806 0.03854 0.1324
1 0.8281 0.7324 0.02656 0.125
1 0.8703 0.5259 0.02708 0.09352
3 0.9771 0.3324 0.02083 0.06296
