1 0.6016 0.7009 0.03594 0.1157
1 0.4318 0.5944 0.03698 0.09352
1 0.07135 0.7556 0.03177 0.1194
1 0.7042 0.4407 0.02448 0.07685
1 0.3953 0.3833 0.01615 0.06852
1 0.5687 0.4917 0.01771 0.08611
1 0.4104 0.6074 0.04219 0.0787
1 0.299 0.488 0.02865 0.08611
1 0.7755 0.5037 0.01667 0.08889
1 0.3656 0.4833 0.02292 0.0787
2 0.2589 0.5083 0.02135 0.08796
1 0.4146 0.6519 0.04844 0.1102
1 0.1786 0.5231 0.01875 0.08519
1 0.05937 0.7963 0.03698 0.1315
1 0.8234 0.7398 0.04219 0.1231
1 0.8625 0.5269 0.03281 0.09167
3 0.9568 0.3296 0.01458 0.06296
