1 0.5469 0.7565 0.02656 0.1306
1 0.4198 0.6046 0.03021 0.08981
1 0.6099 0.4389 0.01615 0.07963
1 0.274 0.3907 0.01823 0.075
1 0.4719 0.5185 0.01823 0.09167
1 0.2708 0.7046 0.03229 0.1028
1 0.1354 0.4972 0.02604 0.08704
1 0.676 0.4963 0.01927 0.08889
1 0.2359 0.4907 0.02344 0.08889
2 0.1255 0.5204 0.02292 0.09444
1 0.2625 0.7046 0.03542 0.113
0 0.275 0.6657 0.008854 0.01574
1 0.04063 0.5278 0.03281 0.09722
1 0.8151 0.7389 0.03906 0.1176
1 0.8135 0.5241 0.02187 0.09259
3 0.8516 0.3185 0.0151 0.06574
