1 0.738 0.7491 0.03698 0.1102
1 0.4031 0.6806 0.03438 0.1093
1 0.5271 0.412 0.02083 0.06852
1 0.2964 0.3713 0.01198 0.0713
1 0.401 0.5796 0.0375 0.09815
1 0.1406 0.6593 0.02187 0.1093
1 0.125 0.4759 0.03333 0.08611
1 0.5724 0.4565 0.01979 0.08333
1 0.2302 0.413 0.02031 0.07685
2 0.1651 0.4481 0.01719 0.08148
1 0.02604 0.475 0.02708 0.08704
0 0.851 0.7056 0.009375 0.01574
1 0.8302 0.7194 0.02656 0.1009
1 0.7339 0.5259 0.02552 0.08796
3 0.9339 0.3157 0.02031 0.06296
2 0.9875 0.7722 0.02344 0.1306
