1 0.4589 0.7778 0.03958 0.1194
1 0.5615 0.6667 0.04167 0.0963
1 0.05573 0.613 0.02969 0.09722
1 0.7979 0.4185 0.02344 0.06574
1 0.6839 0.3556 0.02135 0.05093
1 0.5005 0.6102 0.02969 0.09167
1 0.1 0.7778 0.04323 0.1194
1 0.474 0.4546 0.02292 0.07778
1 0.163 0.3407 0.01146 0.05278
1 0.8229 0.4444 0.02708 0.06574
1 0.6349 0.3611 0.01771 0.05741
1 0.3276 0.3167 0.01458 0.04074
2 0.4781 0.4296 0.01927 0.06389
1 0.3828 0.4111 0.02187 0.06667
1 0.2083 0.5074 0.02656 0.08148
2 0.2646 0.238 0.008854 0.03056
0 0.6818 0.562 0.006771 0.01204
1 0.1005 0.3769 0.02135 0.05926
1 0.1453 0.6954 0.0276 0.1009
1 0.5245 0.7444 0.04479 0.1019
1 0.851 0.5111 0.02031 0.06759
