1 0.663 0.7306 0.04792 0.1148
1 0.424 0.6417 0.02917 0.1074
1 0.01875 0.6352 0.02552 0.1083
1 0.6141 0.4028 0.02552 0.07407
1 0.4333 0.35 0.0151 0.06759
1 0.4536 0.5676 0.03177 0.09907
1 0.2536 0.6093 0.02552 0.1065
1 0.2453 0.4519 0.02656 0.08056
1 0.01979 0.363 0.01771 0.06481
1 0.6635 0.4444 0.02187 0.075
1 0.3667 0.3852 0.01667 0.07407
2 0.2672 0.4222 0.01875 0.07407
1 0.1635 0.4407 0.01979 0.08426
2 0.09427 0.2065 0.01042 0.03796
0 0.8557 0.6815 0.009375 0.01574
1 0.8089 0.6963 0.05 0.1028
1 0.7891 0.525 0.03229 0.08704
