1 0.4823 0.8796 0.05104 0.1546
1 0.488 0.5889 0.01927 0.113
1 0.5089 0.5778 0.02708 0.1176
1 0.6625 0.6907 0.02604 0.1324
1 0.9901 0.4139 0.01562 0.09352
1 0.8911 0.337 0.01979 0.07407
1 0.8047 0.4759 0.02708 0.08241
1 0.7411 0.5463 0.01875 0.1037
1 0.5625 0.3889 0.01875 0.07963
1 0.5109 0.3398 0.0125 0.06759
1 0.5198 0.4769 0.02708 0.09352
1 0.4964 0.3296 0.0224 0.06204
1 0.4922 0.2824 0.01198 0.0537
2 0.4521 0.3639 0.025 0.07315
1 0.3365 0.4037 0.02031 0.08704
1 0.1344 0.4704 0.01458 0.1009
2 0.1047 0.2648 0.01406 0.0537
0 0.5021 0.513 0.005729 0.01019
