1 0.7958 0.7676 0.02448 0.1176
1 0.7349 0.6287 0.02708 0.0963
1 0.007812 0.4417 0.01146 0.06389
1 0.2255 0.5824 0.02031 0.08333
1 0.824 0.6074 0.02344 0.08981
1 0.4052 0.7157 0.02917 0.1028
1 0.7557 0.4546 0.0151 0.06759
1 0.4036 0.362 0.01146 0.05
1 0.9589 0.4065 0.01615 0.06204
1 0.6922 0.3389 0.01354 0.04259
2 0.7911 0.4574 0.01667 0.06944
1 0.7104 0.4306 0.01406 0.06667
1 0.4615 0.4815 0.01667 0.07407
2 0.5198 0.2759 0.008333 0.03426
0 0.2714 0.4185 0.008333 0.01574
1 0.3745 0.3667 0.0125 0.05278
1 0.3583 0.8056 0.03438 0.1102
1 0.15 0.5917 0.02083 0.09259
3 0.04531 0.3861 0.01406 0.05741
1 0.8286 0.788 0.03854 0.1176
