1 0.849 0.5917 0.01927 0.07778
1 0.2333 0.4574 0.02187 0.05833
1 0.2932 0.5731 0.02135 0.07593
1 0.65 0.5843 0.02083 0.06481
1 0.8521 0.4639 0.0151 0.06667
1 0.5193 0.4019 0.01302 0.05093
1 0.8568 0.3639 0.01094 0.03704
2 0.9411 0.4694 0.01823 0.05926
1 0.8365 0.4454 0.0151 0.05648
1 0.5948 0.4759 0.01458 0.06296
2 0.551 0.3241 0.008854 0.03241
0 0.1276 0.4611 0.004687 0.006481
1 0.5068 0.388 0.01198 0.04352
1 0.4339 0.8676 0.02708 0.1269
1 0.1677 0.5843 0.02396 0.08704
3 0.1385 0.4389 0.01927 0.05278
