1 0.4896 0.7787 0.04896 0.1185
1 0.576 0.6731 0.03906 0.09537
1 0.09948 0.6046 0.02604 0.0963
1 0.8531 0.4213 0.02656 0.06481
1 0.7417 0.3565 0.02292 0.0537
1 0.5349 0.6148 0.03229 0.08704
1 0.125 0.7769 0.05365 0.1148
1 0.5193 0.4528 0.0224 0.07593
1 0.2161 0.337 0.0125 0.05093
1 0.8755 0.4481 0.02917 0.06574
1 0.6875 0.3639 0.01875 0.0537
1 0.3896 0.3111 0.01562 0.04074
2 0.5359 0.4278 0.01719 0.06389
1 0.4365 0.4093 0.02448 0.06852
1 0.2469 0.4981 0.02604 0.08241
2 0.3187 0.2361 0.008854 0.02963
0 0.6792 0.6204 0.007812 0.01389
1 0.1505 0.3704 0.01979 0.05741
1 0.1974 0.6889 0.02187 0.1028
1 0.55 0.7509 0.04427 0.09907
1 0.9104 0.5139 0.02708 0.06574
