1 0.5563 0.6907 0.03854 0.1185
1 0.3839 0.5722 0.02656 0.1083
1 0.3141 0.6685 0.02917 0.1259
1 0.8688 0.4139 0.01875 0.08981
1 0.5427 0.3593 0.02031 0.07685
1 0.688 0.4917 0.02813 0.09537
1 0.5984 0.5981 0.0401 0.06019
1 0.3828 0.4704 0.02083 0.07315
1 0.1734 0.362 0.01615 0.07593
1 0.9219 0.4981 0.02552 0.09907
1 0.5766 0.4657 0.02813 0.09352
2 0.4021 0.462 0.02083 0.08981
1 0.05521 0.3935 0.01615 0.075
1 0.1693 0.5528 0.03177 0.1102
2 0.08177 0.1972 0.01042 0.04444
0 0.3708 0.6269 0.007812 0.01296
1 0.3943 0.5111 0.02917 0.09722
1 0.02187 0.7528 0.04323 0.1352
1 0.7432 0.7278 0.0375 0.1157
1 0.8833 0.537 0.03281 0.1046
