1 0.5948 0.7046 0.0349 0.1167
1 0.4333 0.6028 0.03594 0.09537
1 0.0526 0.7593 0.02917 0.1083
1 0.6932 0.4398 0.02344 0.07778
1 0.3812 0.3852 0.01562 0.06852
1 0.5568 0.4944 0.01719 0.08611
1 0.401 0.6185 0.03854 0.08704
1 0.2786 0.4907 0.02969 0.08704
1 0.7635 0.5037 0.01667 0.08889
1 0.3495 0.4861 0.02344 0.08056
2 0.2448 0.5102 0.02135 0.08889
1 0.4083 0.6565 0.04583 0.1111
1 0.1661 0.525 0.02083 0.08519
1 0.04271 0.8065 0.03698 0.1296
1 0.8219 0.7407 0.04063 0.1231
1 0.8573 0.5259 0.03281 0.08981
3 0.9432 0.3278 0.01458 0.06296
