1 0.512 0.8861 0.06198 0.1463
1 0.4906 0.5833 0.02031 0.1157
1 0.5026 0.5806 0.03229 0.0963
1 0.6578 0.7 0.03177 0.1306
1 0.9911 0.4093 0.01562 0.09352
1 0.8906 0.3343 0.01615 0.075
1 0.8016 0.4704 0.03125 0.08704
1 0.7354 0.5481 0.02708 0.08889
1 0.5547 0.3898 0.01875 0.08148
1 0.5083 0.3407 0.0224 0.06204
1 0.512 0.4769 0.03281 0.08704
1 0.5193 0.3157 0.02552 0.04444
1 0.4932 0.2824 0.01302 0.0537
2 0.4641 0.3611 0.02187 0.07407
1 0.3396 0.4 0.01771 0.08704
1 0.1344 0.4685 0.01458 0.1009
2 0.1057 0.262 0.01406 0.0537
0 0.4547 0.5019 0.01198 0.01019
