1 0.613 0.6454 0.02917 0.09907
1 0.549 0.5583 0.01875 0.08889
1 0.2167 0.5194 0.02031 0.08796
1 0.5495 0.6074 0.02187 0.08889
1 0.9245 0.4389 0.0224 0.07222
1 0.6651 0.3778 0.01667 0.05926
1 0.7828 0.5046 0.02031 0.08056
1 0.7328 0.5759 0.02969 0.0537
1 0.5443 0.4593 0.01458 0.075
1 0.4005 0.3759 0.0125 0.05833
1 0.937 0.5056 0.0224 0.08056
1 0.6891 0.4556 0.01823 0.07593
1 0.2115 0.4685 0.01354 0.07315
2 0.5693 0.4694 0.02083 0.07222
1 0.3172 0.388 0.0151 0.05463
1 0.3411 0.5185 0.02344 0.08333
2 0.338 0.2556 0.007812 0.03519
0 0.6354 0.6111 0.009896 0.01296
1 0.5286 0.4759 0.02135 0.07593
1 0.2474 0.6491 0.02292 0.1019
1 0.1406 0.5454 0.01875 0.09167
1 0.7729 0.7194 0.02448 0.1028
1 0.913 0.5556 0.02604 0.08241
