1 0.8906 0.5963 0.02083 0.08426
1 0.3339 0.4815 0.02813 0.06759
1 0.3214 0.6157 0.02813 0.0787
1 0.7307 0.5815 0.02187 0.07685
1 0.7875 0.4676 0.01302 0.06667
1 0.5104 0.4269 0.01094 0.05556
1 0.8427 0.3694 0.01094 0.04167
2 0.9938 0.4815 0.01198 0.06667
1 0.8109 0.4546 0.01667 0.06574
1 0.6146 0.4861 0.01979 0.06481
2 0.5062 0.3389 0.009896 0.03426
0 0.1198 0.4796 0.005208 0.007407
1 0.5005 0.412 0.0125 0.0537
1 0.4437 0.8944 0.03438 0.1333
1 0.1526 0.5787 0.02135 0.08333
3 0.08906 0.4546 0.01771 0.05926
