1 0.8641 0.5944 0.02187 0.08241
1 0.2693 0.4639 0.0276 0.06019
1 0.2969 0.5824 0.02083 0.0787
1 0.6745 0.5796 0.02135 0.06574
1 0.8344 0.4648 0.01302 0.06667
1 0.5208 0.4102 0.01094 0.05093
1 0.8562 0.3694 0.01042 0.04074
2 0.9609 0.4741 0.02656 0.06296
1 0.8313 0.45 0.01719 0.05741
1 0.6099 0.4815 0.02187 0.06481
2 0.5339 0.3315 0.009896 0.03056
0 0.126 0.4713 0.004687 0.006481
1 0.5094 0.3944 0.008854 0.04537
1 0.4354 0.8759 0.04063 0.1241
1 0.1693 0.5852 0.02187 0.08889
3 0.1307 0.4444 0.02344 0.04815
