1 0.6083 0.7204 0.0375 0.1
1 0.4474 0.613 0.03333 0.1037
1 0.1302 0.5769 0.0224 0.05741
1 0.701 0.4093 0.02344 0.07685
1 0.5432 0.3463 0.01667 0.06667
1 0.4979 0.5685 0.02708 0.09352
1 0.3333 0.5898 0.02396 0.09815
1 0.3401 0.45 0.02031 0.08426
1 0.137 0.3491 0.01458 0.06481
1 0.7406 0.4481 0.02083 0.07685
1 0.4781 0.3778 0.01771 0.0713
1 0.101 0.3759 0.0224 0.06111
2 0.3401 0.4157 0.01927 0.06204
1 0.2641 0.4287 0.01719 0.0787
1 0.1328 0.6204 0.03958 0.1009
2 0.2016 0.2046 0.01042 0.03426
0 0.8182 0.6426 0.01094 0.01574
1 0.0125 0.4833 0.01979 0.08333
1 0.05573 0.6824 0.05052 0.1185
1 0.00625 0.5519 0.01198 0.09259
1 0.7755 0.6917 0.05156 0.1019
1 0.8349 0.5417 0.03646 0.09259
