1 0.4672 0.7361 0.03385 0.1102
1 0.6161 0.5935 0.03385 0.07407
1 0.00625 0.6435 0.0125 0.08796
1 0.7688 0.4583 0.025 0.06389
1 0.6109 0.3759 0.01615 0.05556
1 0.5073 0.5796 0.01979 0.0787
1 0.1745 0.7731 0.04635 0.1222
1 0.4214 0.5056 0.02552 0.07778
1 0.0526 0.3852 0.01667 0.05741
1 0.751 0.4954 0.01979 0.08056
1 0.5281 0.4213 0.01979 0.06389
1 0.1568 0.3713 0.01354 0.0537
2 0.3745 0.4713 0.01719 0.07315
1 0.3411 0.463 0.02396 0.06574
1 0.2078 0.5611 0.03281 0.08241
2 0.1714 0.2667 0.008333 0.03333
0 0.5781 0.3056 0.008854 0.01574
1 0.03385 0.4444 0.02448 0.06667
1 0.09323 0.75 0.0526 0.0963
1 0.6193 0.7898 0.0349 0.1213
1 0.7771 0.5657 0.0224 0.08889
