1 0.9844 0.9194 0.03021 0.1593
1 0.6224 0.575 0.02448 0.1139
1 0.3589 0.512 0.02813 0.1019
1 0.6292 0.7315 0.04688 0.1315
1 0.8542 0.4778 0.02187 0.09815
1 0.7688 0.5463 0.03073 0.1037
1 0.7089 0.3972 0.02969 0.08519
1 0.4859 0.3407 0.01667 0.07222
1 0.7786 0.4806 0.03438 0.0963
1 0.8234 0.3241 0.03333 0.075
1 0.6755 0.2731 0.01719 0.06019
2 0.6464 0.3731 0.02292 0.08333
1 0.4786 0.3824 0.01927 0.08796
1 0.2073 0.4667 0.02813 0.09259
2 0.1953 0.25 0.01406 0.05556
0 0.1953 0.5102 0.006771 0.01111
1 0.04427 0.388 0.0224 0.08704
