1 0.863 0.5852 0.02344 0.07963
1 0.3349 0.4806 0.02031 0.06667
1 0.3464 0.6463 0.03854 0.08796
1 0.9906 0.538 0.01771 0.07685
1 0.7354 0.575 0.02917 0.07593
1 0.7188 0.4565 0.01823 0.06296
1 0.4641 0.4259 0.01458 0.05648
1 0.7943 0.362 0.01302 0.04259
2 0.9688 0.4722 0.02187 0.06389
1 0.7458 0.4472 0.0151 0.06574
1 0.5516 0.475 0.01615 0.06759
2 0.4531 0.3352 0.01406 0.03704
0 0.1354 0.4806 0.005208 0.007407
1 0.4365 0.4185 0.01667 0.05648
1 0.4271 0.9139 0.02969 0.137
1 0.06875 0.5704 0.0224 0.08704
