1 0.8339 0.588 0.02031 0.08056
1 0.1938 0.4435 0.01719 0.06111
1 0.2948 0.5574 0.02083 0.07963
1 0.6323 0.5852 0.01667 0.06852
1 0.8646 0.4556 0.01302 0.06852
1 0.5115 0.387 0.009375 0.05
1 0.8536 0.3556 0.01042 0.04074
2 0.9266 0.4611 0.0224 0.06204
1 0.8359 0.437 0.0125 0.05463
1 0.5792 0.4667 0.01979 0.06389
2 0.5651 0.3102 0.008854 0.03426
0 0.1464 0.375 0.005208 0.009259
1 0.4984 0.3759 0.0125 0.04352
1 0.4286 0.863 0.03385 0.1306
1 0.1688 0.5796 0.01927 0.08704
3 0.1365 0.425 0.02344 0.0537
