1 0.6104 0.7213 0.03802 0.1009
1 0.4464 0.6148 0.03333 0.1028
1 0.125 0.5833 0.02396 0.06574
1 0.6958 0.4093 0.02344 0.07685
1 0.537 0.3463 0.01615 0.06667
1 0.4953 0.5685 0.0276 0.09352
1 0.3292 0.5907 0.02396 0.09907
1 0.3344 0.4491 0.01927 0.08426
1 0.1307 0.35 0.0151 0.06481
1 0.7354 0.4481 0.0224 0.07685
1 0.4719 0.3778 0.01823 0.0713
1 0.09479 0.3759 0.02135 0.06111
2 0.3354 0.4139 0.02135 0.06389
1 0.2589 0.4296 0.01875 0.07963
1 0.1229 0.6222 0.03698 0.1028
2 0.1964 0.2046 0.009896 0.03426
0 0.8208 0.6389 0.01094 0.01574
1 0.006771 0.4852 0.01354 0.08333
1 0.04948 0.6843 0.05 0.1194
1 0.776 0.6907 0.05052 0.1009
1 0.8323 0.5417 0.03698 0.09167
