1 0.6125 0.6481 0.02708 0.09907
1 0.5432 0.5583 0.02083 0.08611
1 0.2031 0.5213 0.0224 0.08796
1 0.5375 0.6111 0.025 0.09537
1 0.9255 0.437 0.02344 0.07407
1 0.662 0.3769 0.01615 0.06019
1 0.7812 0.5028 0.01667 0.08333
1 0.7276 0.5769 0.02969 0.0537
1 0.5375 0.462 0.01354 0.07685
1 0.3911 0.3741 0.01406 0.05926
1 0.9406 0.5056 0.02031 0.08056
1 0.687 0.4565 0.02135 0.07593
1 0.2026 0.4694 0.0151 0.07778
2 0.563 0.4676 0.02083 0.07222
1 0.3083 0.387 0.01458 0.05648
1 0.3349 0.5204 0.025 0.08426
2 0.3266 0.2519 0.008333 0.03611
0 0.6214 0.6093 0.009896 0.01296
1 0.5255 0.4769 0.0224 0.07685
1 0.2411 0.6509 0.02187 0.1056
1 0.1323 0.5463 0.02083 0.09167
1 0.776 0.7176 0.02708 0.1046
1 0.9146 0.5528 0.03021 0.08611
