1 0.4396 0.7481 0.03333 0.1157
1 0.5911 0.6083 0.03385 0.08148
1 0.7292 0.4426 0.01823 0.06852
1 0.588 0.3713 0.009375 0.05741
1 0.4734 0.588 0.02135 0.09444
1 0.1094 0.787 0.03438 0.1259
1 0.3958 0.4954 0.01719 0.08148
1 0.03385 0.3824 0.01562 0.05741
1 0.7318 0.4861 0.01875 0.07037
1 0.5115 0.4056 0.01458 0.06481
1 0.1578 0.363 0.01302 0.04815
2 0.363 0.4648 0.01771 0.07407
1 0.3057 0.45 0.01667 0.075
1 0.1615 0.5546 0.03385 0.08704
2 0.1505 0.2657 0.008854 0.03333
0 0.6797 0.4722 0.009896 0.01852
1 0.007292 0.4324 0.0151 0.06389
1 0.02917 0.7639 0.03229 0.1167
1 0.5552 0.775 0.03385 0.1204
1 0.7359 0.5528 0.03385 0.08611
