1 0.4839 0.7222 0.03594 0.09815
1 0.6219 0.5824 0.03177 0.07037
1 0.0474 0.6398 0.02292 0.09537
1 0.7911 0.4602 0.02448 0.06574
1 0.6339 0.3778 0.01458 0.05648
1 0.5354 0.5731 0.02344 0.0787
1 0.2234 0.7685 0.04115 0.1213
1 0.4411 0.5065 0.02708 0.08056
1 0.0875 0.3843 0.02031 0.05648
1 0.7719 0.4981 0.01979 0.08056
1 0.5464 0.4259 0.02031 0.06944
1 0.1792 0.3731 0.01354 0.0537
2 0.3943 0.4713 0.01823 0.07222
1 0.3646 0.4676 0.02604 0.06944
1 0.2469 0.5667 0.03854 0.0787
2 0.2036 0.2648 0.01198 0.03333
0 0.5417 0.2537 0.008333 0.01481
1 0.06979 0.4463 0.03021 0.06296
1 0.1422 0.7426 0.04167 0.1019
1 0.6516 0.7769 0.03333 0.1241
1 0.813 0.5731 0.03281 0.08611
