1 0.4896 0.8704 0.06042 0.1602
1 0.4859 0.5889 0.01719 0.113
1 0.5125 0.5778 0.02604 0.1231
1 0.6656 0.6898 0.02292 0.1324
1 0.9911 0.4167 0.01562 0.09352
1 0.8964 0.338 0.01562 0.075
1 0.8052 0.4806 0.025 0.07685
1 0.7464 0.5444 0.02135 0.1056
1 0.5734 0.3898 0.01458 0.07963
1 0.5141 0.3435 0.01146 0.06944
1 0.5229 0.4787 0.01667 0.09537
1 0.4948 0.3306 0.01406 0.06944
1 0.4922 0.2843 0.01198 0.05278
2 0.438 0.362 0.02448 0.07407
1 0.3401 0.4074 0.02031 0.08796
1 0.1349 0.4722 0.01458 0.1009
2 0.1052 0.2676 0.01354 0.0537
0 0.5016 0.5148 0.00625 0.01019
