1 0.5437 0.6769 0.03125 0.0963
1 0.5964 0.5657 0.02604 0.08056
1 0.09531 0.4843 0.01771 0.08426
1 0.3292 0.6139 0.01875 0.06759
1 0.8807 0.4546 0.02448 0.07222
1 0.7719 0.3806 0.01198 0.06111
1 0.6198 0.5815 0.02656 0.08889
1 0.4578 0.6009 0.02187 0.09352
1 0.5453 0.4917 0.02344 0.08148
1 0.3354 0.362 0.01094 0.05741
1 0.9172 0.4889 0.0224 0.08148
1 0.6854 0.413 0.01875 0.07315
1 0.3323 0.3731 0.01146 0.05741
2 0.5292 0.45 0.01719 0.07685
1 0.4573 0.4435 0.01927 0.07593
1 0.3271 0.5769 0.04583 0.08704
2 0.4078 0.237 0.009896 0.03426
0 0.4495 0.4194 0.01094 0.01667
1 0.1969 0.4694 0.02448 0.075
1 0.3094 0.6139 0.02396 0.07778
1 0.2516 0.5546 0.02448 0.08611
1 0.7521 0.6954 0.03021 0.08056
1 0.9396 0.588 0.02292 0.09259
