1 0.7167 0.7546 0.02083 0.09537
1 0.6969 0.6333 0.02135 0.0963
1 0.212 0.5861 0.02083 0.09444
1 0.9771 0.3935 0.01406 0.06111
1 0.7495 0.6102 0.02083 0.09444
1 0.312 0.7472 0.02708 0.1194
1 0.7089 0.4546 0.01562 0.07593
1 0.375 0.3519 0.01042 0.05
1 0.8969 0.3917 0.01406 0.06111
1 0.6276 0.3278 0.01302 0.04167
2 0.7448 0.45 0.01562 0.07222
1 0.6562 0.4231 0.01458 0.06759
1 0.4198 0.4824 0.01927 0.0787
2 0.4891 0.263 0.008854 0.03426
0 0.3661 0.6213 0.01354 0.02037
1 0.3344 0.3639 0.01406 0.05463
1 0.338 0.7269 0.02865 0.125
1 0.1307 0.588 0.02604 0.0963
3 0.01667 0.3741 0.01615 0.05926
1 0.724 0.787 0.02969 0.1167
