1 0.5849 0.7065 0.02604 0.1222
1 0.4437 0.6102 0.03229 0.09722
1 0.01979 0.7574 0.025 0.0713
1 0.6807 0.4398 0.01875 0.07963
1 0.362 0.387 0.01562 0.06852
1 0.5406 0.5019 0.01719 0.08611
1 0.3859 0.6472 0.02865 0.08889
1 0.2547 0.4963 0.03073 0.08519
1 0.7474 0.5037 0.02187 0.08889
1 0.3281 0.4889 0.02552 0.08426
2 0.225 0.513 0.02135 0.09352
1 0.399 0.6657 0.03646 0.1065
1 0.1495 0.5287 0.02604 0.08426
1 0.01823 0.8204 0.03646 0.125
1 0.8208 0.7352 0.02083 0.1231
1 0.8505 0.5287 0.02708 0.08704
3 0.9245 0.3269 0.02031 0.06296
