1 0.6115 0.688 0.04583 0.1222
1 0.4104 0.5565 0.02396 0.09352
1 0.3016 0.6787 0.02813 0.1269
1 0.8703 0.4222 0.02344 0.09167
1 0.5521 0.3685 0.01875 0.07593
1 0.6979 0.4889 0.02813 0.09352
1 0.5917 0.5963 0.03802 0.05278
1 0.4016 0.4926 0.02083 0.1009
1 0.1865 0.3704 0.01615 0.075
1 0.951 0.5019 0.03177 0.09907
1 0.5766 0.4741 0.02708 0.1
2 0.4135 0.4602 0.02292 0.07778
1 0.08281 0.4074 0.01615 0.075
1 0.2286 0.5574 0.03542 0.1148
2 0.09844 0.2093 0.01198 0.04352
0 0.3844 0.6083 0.007812 0.01296
1 0.4208 0.5306 0.02813 0.09907
1 0.07656 0.7472 0.03958 0.1333
1 0.7943 0.7102 0.03906 0.1093
1 0.9047 0.5343 0.0276 0.09907
