1 0.6109 0.6694 0.03333 0.1111
1 0.5042 0.5741 0.02708 0.1
1 0.1224 0.5426 0.02344 0.09907
1 0.4792 0.6333 0.02135 0.1083
1 0.9396 0.4324 0.02031 0.08333
1 0.6406 0.3731 0.01562 0.06852
1 0.7729 0.5056 0.02708 0.09074
1 0.7068 0.5889 0.0401 0.05648
1 0.5026 0.4787 0.02031 0.08796
1 0.3312 0.3704 0.01458 0.06296
1 0.9656 0.5065 0.02708 0.09352
1 0.6687 0.462 0.025 0.08241
1 0.1125 0.4861 0.01979 0.08056
2 0.525 0.4676 0.02083 0.08241
1 0.2333 0.387 0.01667 0.06111
1 0.287 0.5343 0.02448 0.09907
2 0.2594 0.2343 0.009896 0.03889
0 0.5229 0.6185 0.009896 0.01296
1 0.4943 0.4963 0.02344 0.08796
1 0.174 0.6972 0.04063 0.1176
1 0.03646 0.5722 0.02917 0.1037
1 0.7891 0.7361 0.0375 0.1157
1 0.9339 0.5593 0.02396 0.09444
