1 0.5276 0.6806 0.01979 0.1046
1 0.6312 0.5565 0.02083 0.07685
1 0.2406 0.6204 0.02344 0.08704
1 0.8552 0.4546 0.02031 0.07407
1 0.7385 0.3843 0.01458 0.05926
1 0.6292 0.575 0.02708 0.08611
1 0.3776 0.6519 0.02031 0.1074
1 0.5167 0.5019 0.03021 0.07778
1 0.2583 0.375 0.0125 0.05833
1 0.8719 0.5 0.01667 0.08056
1 0.6339 0.4231 0.01823 0.07037
1 0.3 0.3731 0.01615 0.04537
2 0.4885 0.4639 0.01927 0.07407
1 0.4406 0.4556 0.02135 0.07593
1 0.287 0.5944 0.02448 0.08704
2 0.35 0.2546 0.009375 0.03241
0 0.3693 0.3213 0.009375 0.01481
1 0.1807 0.4565 0.02292 0.0713
1 0.2615 0.6444 0.02396 0.09259
1 0.212 0.6213 0.02552 0.08704
1 0.7542 0.7259 0.02708 0.1111
1 0.9062 0.5907 0.02708 0.09352
