1 0.5484 0.7519 0.02656 0.1306
1 0.4214 0.6074 0.02969 0.09167
1 0.6135 0.4398 0.01719 0.07963
1 0.2786 0.3917 0.01771 0.07407
1 0.476 0.5185 0.01823 0.09074
1 0.276 0.7028 0.03542 0.1028
1 0.1422 0.4963 0.02448 0.08704
1 0.6802 0.4972 0.01927 0.08889
1 0.2411 0.4907 0.02344 0.08889
2 0.1313 0.5194 0.02292 0.09444
1 0.2724 0.7009 0.0401 0.1093
0 0.276 0.6648 0.008854 0.01574
1 0.04792 0.5278 0.03229 0.09537
1 0.8151 0.738 0.03594 0.1185
1 0.8167 0.525 0.02396 0.09074
3 0.8552 0.3194 0.0151 0.06574
