1 0.612 0.6565 0.02813 0.1028
1 0.5286 0.5639 0.02344 0.08981
1 0.1823 0.5278 0.02344 0.09074
1 0.5167 0.6176 0.025 0.1
1 0.9307 0.4352 0.02292 0.07778
1 0.6542 0.375 0.01562 0.06296
1 0.7781 0.5028 0.01823 0.08611
1 0.7198 0.5815 0.03281 0.05463
1 0.524 0.4676 0.0151 0.08148
1 0.3714 0.3722 0.01458 0.05926
1 0.949 0.5056 0.02135 0.08519
1 0.6807 0.4593 0.02396 0.07778
1 0.1745 0.4741 0.01719 0.08241
2 0.549 0.4667 0.02083 0.075
1 0.2859 0.3889 0.01406 0.05926
1 0.3193 0.5241 0.02344 0.08796
2 0.3047 0.2454 0.009375 0.03704
0 0.5818 0.6102 0.009896 0.01296
1 0.5141 0.4824 0.02292 0.07963
1 0.2214 0.6657 0.02708 0.1093
1 0.1042 0.5565 0.02344 0.09352
1 0.7818 0.7231 0.03125 0.1093
1 0.9208 0.5546 0.03021 0.09074
