1 0.8339 0.7667 0.025 0.1139
1 0.7516 0.6259 0.02865 0.09537
1 0.02031 0.4491 0.01719 0.06667
1 0.2313 0.5787 0.02083 0.07963
1 0.8547 0.6065 0.02135 0.08796
1 0.4578 0.7019 0.03281 0.1009
1 0.7776 0.4556 0.0151 0.06481
1 0.4182 0.3667 0.01094 0.04815
1 0.987 0.412 0.01719 0.06111
1 0.7219 0.3435 0.01302 0.04167
2 0.8125 0.4583 0.01615 0.07037
1 0.7349 0.4352 0.01458 0.06667
1 0.4792 0.4824 0.01615 0.07593
2 0.5344 0.2815 0.008333 0.03426
0 0.2437 0.3269 0.006771 0.01204
1 0.3937 0.3685 0.01198 0.05093
1 0.3677 0.838 0.03854 0.1278
1 0.1578 0.5907 0.01927 0.08889
3 0.05729 0.3917 0.01354 0.05741
1 0.8797 0.7907 0.04167 0.1185
