1 0.538 0.687 0.03177 0.07963
1 0.5766 0.5694 0.03177 0.08426
1 0.1047 0.4889 0.02135 0.08611
1 0.3307 0.6056 0.02083 0.08796
1 0.8781 0.4519 0.02292 0.07963
1 0.7615 0.3815 0.0224 0.06481
1 0.6146 0.5796 0.02865 0.09444
1 0.4547 0.5991 0.02187 0.09259
1 0.5396 0.487 0.02187 0.08241
1 0.3333 0.3639 0.01302 0.06019
1 0.9146 0.4889 0.02292 0.07963
1 0.6823 0.4139 0.01875 0.07315
1 0.3208 0.3787 0.01823 0.05741
2 0.5219 0.4509 0.01302 0.07685
1 0.451 0.4472 0.02135 0.07315
1 0.3297 0.588 0.04427 0.1
2 0.4047 0.2352 0.009896 0.03426
0 0.5115 0.4074 0.01094 0.01574
1 0.1844 0.4769 0.02448 0.075
1 0.301 0.6111 0.02031 0.08519
1 0.2323 0.5546 0.03281 0.08519
1 0.7453 0.7009 0.03698 0.07685
1 0.9391 0.5852 0.02448 0.09352
