1 0.4906 0.8713 0.02865 0.1593
1 0.4859 0.5889 0.01667 0.113
1 0.5115 0.5769 0.0276 0.1231
1 0.6661 0.688 0.02292 0.1306
1 0.9911 0.4167 0.01562 0.09352
1 0.8995 0.338 0.01198 0.075
1 0.8047 0.4806 0.02604 0.07593
1 0.7479 0.5435 0.02135 0.1046
1 0.5766 0.3898 0.01719 0.07963
1 0.5151 0.3435 0.01146 0.06944
1 0.5214 0.4778 0.0151 0.0963
1 0.4943 0.3333 0.0125 0.07222
1 0.4922 0.2852 0.01198 0.05278
2 0.4307 0.363 0.02865 0.07222
1 0.3406 0.4083 0.01771 0.08704
1 0.1349 0.4731 0.01458 0.1009
2 0.1047 0.2685 0.01302 0.0537
0 0.5016 0.5157 0.00625 0.01019
