1 0.7089 0.6907 0.03281 0.1204
1 0.4786 0.5685 0.02969 0.07407
1 0.2557 0.7009 0.03073 0.1231
1 0.8448 0.4472 0.01823 0.08241
1 0.549 0.3889 0.02031 0.06759
1 0.7026 0.4944 0.03021 0.08426
1 0.5297 0.5954 0.04792 0.04537
1 0.4339 0.5148 0.02031 0.08889
1 0.1896 0.3981 0.01458 0.06944
1 0.9328 0.5231 0.02448 0.09722
1 0.5312 0.4889 0.02187 0.08796
2 0.4104 0.4944 0.02187 0.08981
1 0.1198 0.4444 0.01406 0.07037
1 0.4182 0.6139 0.03646 0.09907
2 0.1245 0.2407 0.01042 0.04167
0 0.4016 0.5611 0.00625 0.01111
1 0.3729 0.5083 0.02604 0.09815
1 0.2193 0.737 0.03802 0.1185
1 0.8958 0.7241 0.03854 0.1148
1 0.9516 0.5361 0.025 0.09259
