1 0.6167 0.688 0.02656 0.1185
1 0.4375 0.5778 0.03646 0.09167
1 0.112 0.7352 0.03542 0.113
1 0.724 0.4398 0.02135 0.07685
1 0.4214 0.3833 0.01979 0.06944
1 0.5906 0.4926 0.02031 0.08519
1 0.4266 0.6056 0.04271 0.05093
1 0.3385 0.4852 0.02813 0.08056
1 0.03021 0.4102 0.02448 0.07315
1 0.7964 0.5046 0.02292 0.08889
1 0.3953 0.4815 0.02292 0.0787
2 0.2844 0.5037 0.02135 0.08796
1 0.426 0.6444 0.04271 0.1009
0 0.4089 0.6019 0.006771 0.01296
1 0.2036 0.5176 0.01875 0.08519
1 0.09062 0.7796 0.03854 0.1324
1 0.8286 0.7306 0.02187 0.125
1 0.8724 0.5269 0.02552 0.09444
3 0.9828 0.3324 0.0224 0.06296
