1 0.6964 0.687 0.0401 0.1157
1 0.4703 0.5463 0.02031 0.09352
1 0.004687 0.6083 0.009375 0.1204
1 0.287 0.6852 0.02448 0.1222
1 0.875 0.4398 0.02656 0.08704
1 0.574 0.3815 0.0151 0.07407
1 0.7229 0.4898 0.01719 0.08796
1 0.5813 0.5926 0.03906 0.05093
1 0.4318 0.5148 0.01979 0.09907
1 0.2146 0.3852 0.01771 0.0713
1 0.9734 0.5176 0.01875 0.09907
1 0.5719 0.4843 0.0224 0.09259
2 0.4354 0.4648 0.01875 0.06111
1 0.1318 0.4241 0.01615 0.075
1 0.3458 0.5843 0.0349 0.1046
2 0.1365 0.2287 0.01094 0.03981
0 0.4182 0.5741 0.006771 0.01111
1 0.4318 0.5324 0.02292 0.08796
1 0.1885 0.7324 0.0375 0.1213
1 0.005208 0.562 0.01042 0.09907
1 0.8766 0.7056 0.04688 0.1083
1 0.9516 0.5324 0.02813 0.09074
