1 0.7146 0.6907 0.02865 0.1148
1 0.4807 0.5667 0.03125 0.07593
1 0.2583 0.6991 0.02917 0.1231
1 0.8531 0.4481 0.01458 0.08333
1 0.5573 0.3898 0.01771 0.06852
1 0.7115 0.4944 0.02604 0.08426
1 0.5339 0.5944 0.04688 0.04537
1 0.4344 0.5157 0.02187 0.08889
1 0.1927 0.3972 0.01458 0.07037
1 0.9432 0.5194 0.01667 0.08889
1 0.5411 0.4889 0.02031 0.08889
2 0.413 0.4935 0.02187 0.08704
1 0.1219 0.4426 0.01354 0.07037
1 0.4161 0.6111 0.03802 0.09907
2 0.1318 0.2398 0.01094 0.04167
0 0.4062 0.5565 0.005729 0.01019
1 0.3896 0.5167 0.02865 0.09537
1 0.2198 0.7352 0.03698 0.1194
1 0.9042 0.7231 0.03594 0.1176
1 0.9542 0.5361 0.02656 0.09167
