1 0.6745 0.5778 0.0224 0.1093
1 0.3323 0.5139 0.02448 0.08426
1 0.6083 0.7509 0.03385 0.1194
1 0.9083 0.4954 0.01771 0.1
1 0.7646 0.5639 0.02031 0.09537
1 0.7609 0.425 0.02708 0.0787
1 0.4943 0.363 0.01615 0.06944
1 0.9047 0.5019 0.02552 0.1
1 0.9333 0.3491 0.02187 0.075
1 0.7354 0.2926 0.01354 0.05741
2 0.7229 0.3935 0.02292 0.0787
1 0.5396 0.3944 0.02083 0.08519
1 0.2484 0.488 0.03125 0.09352
2 0.25 0.2657 0.01354 0.05185
0 0.2281 0.5269 0.006771 0.01111
1 0.1062 0.3944 0.02135 0.08241
1 0.09688 0.9778 0.03333 0.04167
