1 0.6604 0.6833 0.02292 0.1148
1 0.4484 0.5704 0.02708 0.05926
1 0.1948 0.7167 0.03281 0.1231
1 0.7828 0.4417 0.02031 0.08148
1 0.4922 0.388 0.02031 0.06574
1 0.6474 0.4907 0.02187 0.08426
1 0.4651 0.5889 0.04635 0.03981
1 0.4078 0.4991 0.03125 0.07222
1 0.1219 0.4037 0.01667 0.06944
1 0.8594 0.513 0.02344 0.09167
1 0.4609 0.4843 0.02969 0.08704
2 0.351 0.4972 0.01719 0.08889
1 0.05521 0.4546 0.01406 0.07407
1 0.4281 0.625 0.04063 0.1046
2 0.06406 0.2454 0.01198 0.03889
0 0.3932 0.5769 0.006771 0.01296
1 0.2755 0.5194 0.03958 0.08056
1 0.1672 0.7481 0.03385 0.1231
1 0.8526 0.7324 0.03073 0.1241
1 0.9094 0.5287 0.03333 0.09167
