1 0.4833 0.7778 0.04896 0.1185
1 0.5734 0.6722 0.03698 0.09352
1 0.09323 0.6065 0.02448 0.09722
1 0.8427 0.4194 0.02552 0.06481
1 0.7307 0.3556 0.02344 0.05278
1 0.5297 0.6139 0.03073 0.08796
1 0.1203 0.7759 0.05365 0.1157
1 0.5104 0.4528 0.02187 0.07593
1 0.2068 0.337 0.01302 0.05093
1 0.8646 0.4472 0.03021 0.06481
1 0.6786 0.363 0.01771 0.0537
1 0.3786 0.3111 0.0151 0.04074
2 0.5266 0.4278 0.01719 0.06389
1 0.4266 0.4093 0.02396 0.06852
1 0.2385 0.4991 0.02708 0.08241
2 0.3099 0.2361 0.009375 0.02963
0 0.6792 0.6074 0.007292 0.01389
1 0.1422 0.3704 0.02031 0.05741
1 0.1885 0.688 0.02135 0.1037
1 0.5448 0.7481 0.04531 0.09907
1 0.9005 0.513 0.02552 0.06574
