1 0.5068 0.8861 0.0625 0.1454
1 0.4896 0.5843 0.02031 0.1157
1 0.5068 0.5824 0.03281 0.09444
1 0.6594 0.7019 0.03281 0.1296
1 0.9901 0.4102 0.01562 0.09352
1 0.8896 0.3352 0.01667 0.075
1 0.8031 0.4722 0.03333 0.08519
1 0.7349 0.5463 0.02552 0.09352
1 0.5547 0.3907 0.01979 0.08056
1 0.5099 0.3407 0.02187 0.06296
1 0.5104 0.4769 0.03385 0.08611
1 0.5161 0.3157 0.02604 0.04259
1 0.4932 0.2824 0.01198 0.05556
2 0.462 0.362 0.02344 0.07315
1 0.3391 0.4019 0.01823 0.08704
1 0.1344 0.4694 0.01458 0.1009
2 0.1057 0.263 0.01406 0.0537
0 0.4682 0.5028 0.01198 0.01019
