1 0.8927 0.5954 0.02604 0.08426
1 0.3427 0.4815 0.02552 0.06759
1 0.3312 0.6222 0.02552 0.08333
1 0.738 0.5796 0.01719 0.07407
1 0.7755 0.4648 0.01458 0.06852
1 0.5052 0.4269 0.01615 0.05556
1 0.8375 0.3694 0.01198 0.04167
2 0.9948 0.4815 0.009375 0.06667
1 0.8005 0.4528 0.01719 0.06481
1 0.6073 0.4843 0.01771 0.06296
2 0.5005 0.3398 0.008333 0.03611
0 0.1266 0.4806 0.005208 0.007407
1 0.4932 0.4139 0.01354 0.05185
1 0.4437 0.9009 0.03854 0.1333
1 0.1422 0.5759 0.02396 0.08426
3 0.07187 0.4556 0.01927 0.05926
