1 0.4875 0.7194 0.03542 0.09815
1 0.6245 0.5806 0.03125 0.07037
1 0.0526 0.6398 0.02396 0.09537
1 0.7948 0.4602 0.02448 0.06574
1 0.6391 0.3787 0.01458 0.05648
1 0.5411 0.5731 0.02292 0.07963
1 0.2307 0.763 0.03958 0.1213
1 0.4458 0.5065 0.0276 0.07963
1 0.09479 0.3843 0.01927 0.05648
1 0.7776 0.4991 0.01979 0.08056
1 0.551 0.4259 0.02031 0.06944
1 0.1849 0.3731 0.01354 0.0537
2 0.399 0.4722 0.01875 0.07222
1 0.3693 0.4676 0.02552 0.06944
1 0.251 0.5685 0.03802 0.07778
2 0.2109 0.2648 0.01198 0.03333
0 0.5318 0.2417 0.008333 0.01481
1 0.07656 0.4481 0.02917 0.06204
1 0.1505 0.737 0.04271 0.1
1 0.6578 0.7769 0.03333 0.1231
1 0.8193 0.5759 0.03333 0.08519
