1 0.7031 0.5676 0.01562 0.09815
1 0.2911 0.5139 0.02135 0.08519
1 0.5495 0.7537 0.04375 0.1296
1 0.913 0.5046 0.01667 0.09259
1 0.7151 0.5667 0.02135 0.09815
1 0.7229 0.4361 0.02552 0.075
1 0.4734 0.3861 0.02187 0.06111
1 0.9906 0.5139 0.01719 0.09167
1 0.9938 0.3713 0.01198 0.06389
1 0.7391 0.3194 0.0151 0.05093
2 0.7792 0.4157 0.01719 0.07778
1 0.5797 0.4056 0.01823 0.07685
1 0.2776 0.4843 0.01979 0.08611
2 0.2911 0.2852 0.01198 0.04537
0 0.2656 0.5139 0.005208 0.009259
1 0.1698 0.3963 0.02083 0.07315
1 0.2714 0.9574 0.0349 0.08333
