1 0.876 0.5963 0.02031 0.08148
1 0.2974 0.4741 0.02865 0.06389
1 0.3021 0.5963 0.02344 0.075
1 0.701 0.575 0.02656 0.07593
1 0.8078 0.4667 0.01302 0.06481
1 0.5167 0.4176 0.01406 0.05278
1 0.8474 0.3704 0.01406 0.03704
2 0.9766 0.4787 0.01979 0.06481
1 0.8224 0.4519 0.01354 0.06296
1 0.6109 0.4833 0.01771 0.06667
2 0.5146 0.337 0.008854 0.02963
0 0.112 0.4722 0.004687 0.007407
1 0.5052 0.4028 0.01042 0.05093
1 0.4385 0.8824 0.03177 0.1306
1 0.1615 0.5824 0.01875 0.08519
3 0.113 0.4481 0.0151 0.05
