1 0.4479 0.7435 0.03646 0.1111
1 0.6005 0.6037 0.03281 0.07778
1 0.7391 0.4454 0.01615 0.07037
1 0.5932 0.3722 0.01146 0.05648
1 0.4849 0.5852 0.02292 0.08796
1 0.1224 0.7843 0.03594 0.1241
1 0.4026 0.5009 0.01979 0.07778
1 0.03594 0.3852 0.01302 0.05741
1 0.7344 0.4917 0.01927 0.07222
1 0.513 0.4111 0.01406 0.06574
1 0.1531 0.3657 0.01354 0.04907
2 0.363 0.4676 0.0151 0.07593
1 0.3125 0.4528 0.01562 0.075
1 0.1729 0.5546 0.03542 0.08704
2 0.1531 0.2667 0.01042 0.03333
0 0.651 0.4222 0.009896 0.01759
1 0.01094 0.4361 0.02135 0.06667
1 0.03802 0.7648 0.03698 0.113
1 0.574 0.7796 0.02813 0.1194
1 0.7469 0.5574 0.0276 0.08704
