1 0.5349 0.6722 0.03021 0.1065
1 0.6161 0.55 0.01927 0.075
1 0.276 0.6046 0.02135 0.06759
1 0.8641 0.4528 0.02344 0.075
1 0.7547 0.3824 0.01562 0.05926
1 0.6281 0.5731 0.03073 0.08611
1 0.4089 0.6259 0.01719 0.1009
1 0.5276 0.4954 0.0224 0.08148
1 0.2922 0.3694 0.01302 0.05741
1 0.8917 0.4944 0.01823 0.08056
1 0.6542 0.4185 0.0151 0.07037
1 0.3182 0.3731 0.01667 0.05
2 0.5062 0.4583 0.02083 0.07407
1 0.4505 0.4509 0.02292 0.07593
1 0.3078 0.5481 0.04375 0.08796
2 0.3771 0.2481 0.009896 0.03241
0 0.3161 0.4509 0.009896 0.01759
1 0.1917 0.4602 0.0224 0.07407
1 0.2792 0.6269 0.0224 0.08611
1 0.2568 0.5704 0.01979 0.07037
1 0.7651 0.713 0.03229 0.1074
1 0.9161 0.5889 0.025 0.0963
