1 0.8719 0.9185 0.0599 0.1611
1 0.5927 0.5741 0.02448 0.1176
1 0.3937 0.5185 0.03698 0.1093
1 0.637 0.7231 0.04323 0.138
1 0.8276 0.4685 0.01979 0.1
1 0.7724 0.5463 0.03438 0.09907
1 0.6661 0.3898 0.01979 0.08796
1 0.4891 0.337 0.02396 0.07222
1 0.701 0.4759 0.03438 0.09815
1 0.751 0.3204 0.02396 0.07315
1 0.6302 0.2731 0.01719 0.05833
2 0.5979 0.3676 0.01927 0.07685
1 0.4422 0.3824 0.01771 0.08889
1 0.1839 0.4611 0.02552 0.09352
2 0.1682 0.2472 0.01615 0.05556
0 0.1807 0.488 0.006771 0.01111
1 0.01406 0.3898 0.01875 0.08889
