1 0.5318 0.6731 0.03229 0.1037
1 0.6208 0.5537 0.01667 0.07685
1 0.2672 0.6102 0.02135 0.07222
1 0.8594 0.4546 0.0276 0.07407
1 0.749 0.3833 0.0125 0.05926
1 0.6307 0.575 0.03073 0.08611
1 0.3969 0.6361 0.01615 0.1019
1 0.5224 0.4954 0.02135 0.0787
1 0.2797 0.3713 0.01302 0.05741
1 0.8849 0.4981 0.0224 0.08056
1 0.6464 0.4204 0.01719 0.07037
1 0.312 0.3741 0.0151 0.04815
2 0.4995 0.4602 0.0151 0.07407
1 0.4484 0.4509 0.01823 0.07685
1 0.2891 0.5806 0.04375 0.08796
2 0.3688 0.25 0.009375 0.03241
0 0.3359 0.3954 0.01042 0.01574
1 0.1875 0.4602 0.02031 0.07222
1 0.2703 0.6315 0.02135 0.09167
1 0.2453 0.6019 0.02604 0.09444
1 0.7646 0.7222 0.03438 0.1093
1 0.9125 0.5907 0.01979 0.09444
