1 0.7156 0.6898 0.02813 0.1157
1 0.4885 0.5583 0.03906 0.08241
1 0.2714 0.6926 0.02448 0.1231
1 0.8609 0.4481 0.02135 0.08611
1 0.5641 0.3898 0.01354 0.06944
1 0.7188 0.4926 0.02031 0.08426
1 0.551 0.5944 0.04479 0.0463
1 0.437 0.5194 0.02865 0.08889
1 0.2052 0.3944 0.01562 0.0713
1 0.9542 0.5204 0.01823 0.09074
1 0.5521 0.488 0.01771 0.08981
2 0.4234 0.488 0.02187 0.07963
1 0.1333 0.437 0.01198 0.0713
1 0.4078 0.6009 0.04271 0.09907
2 0.1375 0.2398 0.01094 0.04074
0 0.4156 0.5574 0.005729 0.01111
1 0.3979 0.5194 0.03594 0.08981
1 0.2193 0.7296 0.03333 0.1241
1 0.9016 0.7222 0.03229 0.1222
1 0.9641 0.5361 0.03333 0.09074
