1 0.8255 0.5796 0.02448 0.07778
1 0.3141 0.4806 0.02396 0.06667
1 0.3474 0.6639 0.03229 0.08889
1 0.9594 0.5278 0.02083 0.07222
1 0.7167 0.5731 0.02865 0.075
1 0.6813 0.45 0.02187 0.06389
1 0.4271 0.4222 0.01719 0.06019
1 0.7583 0.3574 0.0125 0.04352
2 0.9313 0.4676 0.0224 0.06574
1 0.7 0.4417 0.0151 0.06667
1 0.4995 0.475 0.01927 0.06944
2 0.4099 0.3324 0.01198 0.03704
0 0.1422 0.4769 0.005208 0.007407
1 0.3875 0.4213 0.01927 0.0537
1 0.4036 0.9241 0.04583 0.1343
1 0.01042 0.5685 0.02031 0.08796
