1 0.6286 0.725 0.0349 0.1028
1 0.4406 0.6213 0.03125 0.1019
1 0.09688 0.6074 0.02708 0.09722
1 0.6698 0.4056 0.02344 0.075
1 0.5047 0.3463 0.0151 0.06667
1 0.4813 0.5685 0.03021 0.09537
1 0.3073 0.5926 0.025 0.1019
1 0.3073 0.4472 0.01719 0.08333
1 0.09844 0.3528 0.01719 0.06389
1 0.7089 0.4463 0.02708 0.075
1 0.4391 0.3787 0.01927 0.07222
1 0.06354 0.3796 0.01771 0.06204
2 0.313 0.4148 0.02656 0.07037
1 0.2297 0.4333 0.02552 0.08056
1 0.07396 0.6213 0.03125 0.1074
2 0.1667 0.2046 0.008854 0.03519
0 0.8354 0.6222 0.01042 0.01574
1 0.01875 0.6944 0.03802 0.1222
1 0.7823 0.6907 0.04792 0.09907
1 0.8172 0.5361 0.03542 0.08981
