1 0.6885 0.5731 0.02083 0.1065
1 0.3094 0.5157 0.02708 0.08426
1 0.5833 0.7519 0.03333 0.1185
1 0.9167 0.4991 0.01979 0.0963
1 0.7385 0.5639 0.02708 0.09167
1 0.7521 0.425 0.02656 0.0787
1 0.4859 0.3722 0.01458 0.06944
1 0.9458 0.5074 0.025 0.09537
1 0.9693 0.3602 0.02396 0.07407
1 0.7443 0.3046 0.01615 0.0537
2 0.7552 0.4028 0.01771 0.07778
1 0.5589 0.4 0.01771 0.08241
1 0.2594 0.488 0.02448 0.09074
2 0.2703 0.2731 0.01354 0.05
0 0.2427 0.5241 0.006771 0.01111
1 0.1344 0.3954 0.02031 0.0787
1 0.1672 0.9685 0.03385 0.06019
