1 0.6568 0.9028 0.06198 0.1546
1 0.5307 0.575 0.02396 0.113
1 0.4516 0.5463 0.04271 0.112
1 0.6547 0.7111 0.03438 0.1398
1 0.9339 0.3222 0.02292 0.075
1 0.8005 0.4583 0.01458 0.1019
1 0.7531 0.5519 0.03542 0.07963
1 0.5786 0.3889 0.0276 0.07963
1 0.4969 0.3296 0.0224 0.06296
1 0.5719 0.4694 0.03229 0.08981
1 0.612 0.3093 0.03229 0.06481
1 0.5432 0.2731 0.01771 0.05463
2 0.5156 0.3565 0.01458 0.07778
1 0.3724 0.387 0.02135 0.08519
1 0.1484 0.4583 0.02604 0.09444
2 0.1234 0.2481 0.01406 0.05556
0 0.2 0.4954 0.01042 0.01019
