1 0.5542 0.887 0.05781 0.1519
1 0.501 0.5806 0.0224 0.1157
1 0.4755 0.563 0.03542 0.1056
1 0.6531 0.7 0.03177 0.1333
1 0.8969 0.3296 0.01458 0.075
1 0.7937 0.463 0.0224 0.0963
1 0.7391 0.5583 0.03802 0.06481
1 0.5573 0.387 0.01562 0.08148
1 0.5016 0.3361 0.02708 0.05926
1 0.526 0.4713 0.02604 0.09074
1 0.5484 0.3167 0.02396 0.05833
1 0.5031 0.2796 0.01615 0.05
2 0.4786 0.3574 0.01667 0.075
1 0.349 0.3917 0.01667 0.08704
1 0.1359 0.4648 0.01458 0.1009
2 0.1078 0.2556 0.01406 0.05463
0 0.3401 0.4981 0.01198 0.01019
