1 0.4839 0.8824 0.04948 0.1481
1 0.4885 0.5889 0.01927 0.113
1 0.5073 0.5769 0.02969 0.1148
1 0.6615 0.6926 0.02865 0.1315
1 0.9901 0.412 0.01562 0.09352
1 0.8906 0.3361 0.01823 0.07407
1 0.8036 0.475 0.02969 0.08333
1 0.7385 0.5463 0.01927 0.1009
1 0.5594 0.3889 0.01771 0.07963
1 0.5104 0.3398 0.01458 0.06667
1 0.5161 0.4769 0.03021 0.09074
1 0.4995 0.3278 0.02448 0.05648
1 0.4927 0.2833 0.01198 0.05463
2 0.4562 0.363 0.02448 0.07315
1 0.3359 0.4037 0.01927 0.08704
1 0.1344 0.4704 0.01458 0.1009
2 0.1047 0.2639 0.01406 0.0537
0 0.4984 0.512 0.006771 0.01019
