1 0.6745 0.6889 0.03698 0.1176
1 0.45 0.5463 0.02865 0.09537
1 0.288 0.6852 0.02656 0.1222
1 0.8766 0.4361 0.01875 0.08796
1 0.5682 0.3787 0.02031 0.07407
1 0.7161 0.4907 0.02865 0.09167
1 0.5854 0.5963 0.03906 0.05093
1 0.4292 0.5074 0.01875 0.1028
1 0.2094 0.3787 0.01771 0.0713
1 0.9734 0.5157 0.03021 0.0963
1 0.5776 0.4806 0.01771 0.09259
2 0.4302 0.4593 0.02083 0.05463
1 0.1208 0.4231 0.01615 0.075
1 0.3036 0.5731 0.03333 0.1009
2 0.1255 0.2213 0.007812 0.04167
0 0.4078 0.5843 0.007292 0.01111
1 0.4401 0.5352 0.02344 0.09537
1 0.1542 0.7324 0.0401 0.1278
1 0.8552 0.7046 0.03906 0.1157
1 0.9427 0.5315 0.03021 0.09259
