1 0.7536 0.7685 0.02396 0.1213
1 0.7172 0.6324 0.02552 0.09815
1 0.2188 0.588 0.01979 0.08796
1 0.7896 0.6093 0.02552 0.09074
1 0.3531 0.7324 0.02865 0.1148
1 0.7312 0.4556 0.0151 0.07222
1 0.3875 0.3565 0.01198 0.05093
1 0.925 0.3981 0.01562 0.06296
1 0.6594 0.3333 0.01406 0.04352
2 0.7672 0.4546 0.01719 0.06852
1 0.6828 0.425 0.01354 0.06667
1 0.4417 0.4824 0.01719 0.07315
2 0.5042 0.2685 0.008333 0.03426
0 0.3052 0.5352 0.009896 0.02037
1 0.3536 0.3657 0.01354 0.0537
1 0.3453 0.7704 0.02865 0.1176
1 0.1417 0.5926 0.02292 0.09722
3 0.03125 0.3796 0.01458 0.05741
1 0.7729 0.7833 0.03594 0.1167
