1 0.8391 0.5889 0.01979 0.07963
1 0.2062 0.4472 0.01667 0.06019
1 0.2943 0.562 0.02083 0.07963
1 0.6385 0.5833 0.01771 0.06667
1 0.8609 0.4574 0.01354 0.06852
1 0.5141 0.3926 0.01094 0.05093
1 0.8547 0.3583 0.01042 0.03889
2 0.9302 0.4639 0.02187 0.06111
1 0.8365 0.4407 0.01354 0.05463
1 0.5839 0.4704 0.01771 0.06296
2 0.5609 0.3148 0.008854 0.03333
0 0.1385 0.4074 0.004687 0.008333
1 0.5016 0.3806 0.01198 0.04352
1 0.4313 0.8648 0.03177 0.1296
1 0.1677 0.5815 0.01979 0.08704
3 0.137 0.4296 0.02083 0.05278
