1 0.4437 0.7824 0.03385 0.1213
1 0.5573 0.6611 0.03542 0.09815
1 0.03073 0.6204 0.02708 0.09722
1 0.7672 0.4185 0.01979 0.06574
1 0.651 0.3565 0.01719 0.05185
1 0.4828 0.6056 0.02604 0.09444
1 0.08229 0.7833 0.03594 0.1176
1 0.4437 0.4583 0.02292 0.0787
1 0.126 0.3481 0.01302 0.0537
1 0.7943 0.4444 0.0224 0.06667
1 0.6005 0.3648 0.01927 0.06019
1 0.2875 0.3222 0.01406 0.04167
2 0.4448 0.4352 0.01823 0.06481
1 0.3516 0.4185 0.01927 0.06667
1 0.1828 0.5167 0.02552 0.08241
2 0.2302 0.2435 0.006771 0.02963
0 0.6859 0.5491 0.00625 0.01019
1 0.06719 0.3861 0.02031 0.06111
1 0.1073 0.7093 0.0349 0.09722
1 0.5151 0.7417 0.0401 0.1046
1 0.8104 0.5194 0.02083 0.07222
