1 0.5354 0.6713 0.02969 0.1074
1 0.6156 0.55 0.02031 0.07407
1 0.2828 0.6009 0.02187 0.06481
1 0.8667 0.4519 0.0224 0.075
1 0.7568 0.3824 0.01667 0.05926
1 0.6271 0.5731 0.03073 0.08611
1 0.4135 0.6231 0.01771 0.1
1 0.5286 0.4944 0.0224 0.08241
1 0.3005 0.3685 0.01302 0.05741
1 0.8932 0.4935 0.01719 0.08056
1 0.6568 0.4176 0.01406 0.07037
1 0.3219 0.3741 0.01771 0.05093
2 0.5083 0.4574 0.0224 0.07407
1 0.4516 0.4509 0.02448 0.07593
1 0.3203 0.5269 0.04375 0.08796
2 0.3823 0.2463 0.01042 0.03148
0 0.3026 0.487 0.009896 0.01944
1 0.1943 0.4602 0.02344 0.075
1 0.2839 0.625 0.02292 0.08148
1 0.2604 0.5602 0.01771 0.06296
1 0.7651 0.7102 0.03177 0.1074
1 0.9172 0.5889 0.02656 0.0963
