1 0.5427 0.6722 0.0276 0.1046
1 0.6016 0.5583 0.02344 0.08333
1 0.07917 0.4833 0.02135 0.08333
1 0.3214 0.6102 0.01927 0.07593
1 0.8797 0.4528 0.02292 0.07593
1 0.7703 0.3796 0.01458 0.06111
1 0.6214 0.5769 0.02292 0.08796
1 0.4495 0.6046 0.02396 0.09444
1 0.5417 0.4907 0.02083 0.08426
1 0.3276 0.363 0.01094 0.05741
1 0.9125 0.4898 0.02292 0.08148
1 0.6786 0.4139 0.01875 0.07315
1 0.3307 0.3713 0.01302 0.05648
2 0.525 0.45 0.0151 0.075
1 0.4609 0.4417 0.01823 0.07778
1 0.3141 0.5694 0.04219 0.06944
2 0.4026 0.238 0.008854 0.03426
0 0.4062 0.4398 0.01094 0.01667
1 0.1984 0.4657 0.02031 0.075
1 0.3047 0.6167 0.02187 0.075
1 0.2583 0.5583 0.025 0.09074
1 0.7562 0.6926 0.02708 0.09259
1 0.9354 0.5861 0.0224 0.09537
