1 0.812 0.5917 0.02344 0.08519
1 0.1469 0.438 0.02135 0.06204
1 0.2776 0.5565 0.0224 0.06111
1 0.9818 0.5787 0.0224 0.08241
1 0.6057 0.6028 0.01458 0.075
1 0.862 0.4528 0.0125 0.06574
1 0.4927 0.3787 0.01146 0.05185
1 0.838 0.35 0.01198 0.04074
2 0.9104 0.4583 0.01719 0.06296
1 0.8266 0.4324 0.01458 0.06111
1 0.5557 0.4657 0.01406 0.05741
2 0.5698 0.3009 0.007292 0.03241
0 0.1656 0.2833 0.005208 0.009259
1 0.4807 0.3694 0.01094 0.04815
1 0.4141 0.8565 0.02969 0.1343
1 0.1688 0.5769 0.02292 0.08889
3 0.1208 0.4083 0.01458 0.06296
