1 0.6807 0.9056 0.06458 0.1602
1 0.5391 0.575 0.02448 0.1148
1 0.4469 0.5444 0.04323 0.1102
1 0.6536 0.7148 0.03958 0.1361
1 0.9458 0.3222 0.025 0.075
1 0.8036 0.4611 0.01875 0.1
1 0.7583 0.5491 0.03646 0.08611
1 0.5911 0.388 0.02396 0.08333
1 0.4958 0.3296 0.02187 0.06481
1 0.5885 0.4704 0.03385 0.09074
1 0.6297 0.3102 0.03177 0.06574
1 0.5542 0.2704 0.01562 0.05556
2 0.525 0.3583 0.01667 0.07685
1 0.3818 0.3861 0.02031 0.08704
1 0.151 0.4583 0.0276 0.09444
2 0.1286 0.2472 0.01406 0.05556
0 0.1766 0.4981 0.009375 0.01111
