1 0.5578 0.7148 0.04063 0.09352
1 0.4859 0.5963 0.03177 0.09444
1 0.04063 0.4917 0.02135 0.09537
1 0.2354 0.587 0.02813 0.1
1 0.7922 0.4269 0.02135 0.08056
1 0.649 0.3565 0.01667 0.06481
1 0.5437 0.5731 0.03438 0.0963
1 0.4052 0.5824 0.02604 0.09444
1 0.4406 0.4583 0.01875 0.08611
1 0.2385 0.3472 0.01302 0.06019
1 0.8271 0.462 0.01979 0.0787
1 0.5818 0.3861 0.01875 0.0713
1 0.2021 0.3713 0.01667 0.06019
2 0.4214 0.4241 0.01771 0.07685
1 0.3594 0.4259 0.02031 0.07778
1 0.2484 0.6343 0.04792 0.05278
2 0.301 0.2093 0.009375 0.03333
0 0.7411 0.6593 0.009375 0.01852
1 0.0901 0.4648 0.02292 0.07593
1 0.1786 0.6389 0.04323 0.1083
1 0.09219 0.5361 0.02656 0.09074
1 0.7547 0.7 0.03646 0.09815
1 0.8859 0.5574 0.03385 0.09074
