1 0.8724 0.5954 0.02292 0.08148
1 0.2901 0.4731 0.0276 0.06296
1 0.3 0.5944 0.02396 0.07315
1 0.6943 0.5741 0.02552 0.07407
1 0.8115 0.4676 0.01302 0.06389
1 0.5161 0.4148 0.01354 0.05278
1 0.8479 0.3713 0.01354 0.03611
2 0.9724 0.4778 0.0224 0.06481
1 0.8234 0.4509 0.01302 0.06296
1 0.6094 0.4843 0.01615 0.06667
2 0.5167 0.338 0.008854 0.0287
0 0.1141 0.4731 0.004687 0.007407
1 0.5057 0.4009 0.01094 0.04907
1 0.4365 0.8796 0.02656 0.1324
1 0.1625 0.5833 0.01875 0.08519
3 0.1161 0.4481 0.01302 0.04815
