1 0.6115 0.6657 0.03229 0.1093
1 0.5104 0.5713 0.02604 0.09722
1 0.1453 0.538 0.0224 0.09444
1 0.4948 0.6259 0.02083 0.1028
1 0.937 0.4324 0.02083 0.08241
1 0.6438 0.3731 0.01562 0.06667
1 0.7745 0.5046 0.025 0.08889
1 0.7099 0.587 0.03802 0.05556
1 0.5073 0.475 0.01875 0.08611
1 0.3495 0.3713 0.01406 0.05926
1 0.9609 0.5074 0.02552 0.09167
1 0.6719 0.462 0.02448 0.08148
1 0.1349 0.4833 0.01927 0.08148
2 0.5307 0.4685 0.02083 0.08056
1 0.2526 0.388 0.01354 0.06019
1 0.3016 0.5287 0.01979 0.09352
2 0.2807 0.2407 0.01094 0.03704
0 0.5354 0.6167 0.009896 0.01296
1 0.4995 0.4917 0.02344 0.08611
1 0.1974 0.6852 0.03542 0.1093
1 0.06354 0.5667 0.02448 0.09722
1 0.787 0.7333 0.03594 0.1139
1 0.9302 0.5583 0.02552 0.09352
