1 0.6495 0.6843 0.02396 0.1157
1 0.4448 0.5667 0.02604 0.06389
1 0.1766 0.7213 0.03177 0.1259
1 0.7682 0.4407 0.01875 0.08056
1 0.4771 0.3861 0.01979 0.06574
1 0.6344 0.488 0.01979 0.08426
1 0.4521 0.5824 0.03958 0.04815
1 0.4 0.4944 0.03021 0.06852
1 0.1031 0.4037 0.01615 0.07037
1 0.8443 0.5102 0.0224 0.09167
1 0.4453 0.4824 0.03073 0.08241
2 0.3365 0.4981 0.01719 0.08889
1 0.03646 0.4574 0.01354 0.075
1 0.4297 0.6287 0.04167 0.1056
2 0.04792 0.2463 0.009896 0.03889
0 0.3922 0.5806 0.006771 0.01296
1 0.2557 0.5185 0.0375 0.07963
1 0.1531 0.7528 0.03333 0.1231
1 0.8464 0.7324 0.0349 0.1194
1 0.8995 0.5269 0.03229 0.08889
