1 0.488 0.8713 0.0651 0.163
1 0.4875 0.5889 0.01823 0.113
1 0.5115 0.5787 0.02604 0.1213
1 0.6651 0.6898 0.02292 0.1343
1 0.9901 0.4157 0.01562 0.09352
1 0.8927 0.3389 0.01927 0.07407
1 0.8057 0.4787 0.02448 0.0787
1 0.7448 0.5435 0.02135 0.1056
1 0.5693 0.3898 0.01979 0.07963
1 0.513 0.3435 0.01146 0.06944
1 0.5245 0.4778 0.01823 0.09444
1 0.4958 0.3278 0.01615 0.06759
1 0.4917 0.2833 0.01198 0.05278
2 0.4437 0.3639 0.02448 0.07315
1 0.3385 0.4046 0.02083 0.08704
1 0.1349 0.4713 0.01458 0.1009
2 0.1057 0.2667 0.01406 0.0537
0 0.501 0.5139 0.00625 0.01019
