1 0.9073 0.9167 0.06146 0.1639
1 0.6021 0.5731 0.02448 0.1167
1 0.3807 0.5157 0.03229 0.1074
1 0.6323 0.7269 0.04792 0.137
1 0.8344 0.4704 0.01927 0.09907
1 0.7714 0.5472 0.03385 0.09907
1 0.6807 0.3898 0.02187 0.08704
1 0.4865 0.338 0.0224 0.0713
1 0.7266 0.4778 0.03073 0.09907
1 0.7734 0.3213 0.025 0.07593
1 0.6438 0.2713 0.0151 0.05926
2 0.6135 0.3685 0.02031 0.0787
1 0.4542 0.3824 0.01771 0.08796
1 0.1917 0.462 0.02396 0.09352
2 0.176 0.2481 0.01562 0.05556
0 0.1865 0.4935 0.006771 0.01111
1 0.02344 0.388 0.02187 0.08981
