1 0.5792 0.7769 0.03958 0.1139
1 0.6172 0.6704 0.04115 0.09259
1 0.174 0.5972 0.02604 0.09352
1 0.963 0.4426 0.02083 0.07037
1 0.862 0.3741 0.01771 0.05926
1 0.6151 0.6194 0.03333 0.0713
1 0.2021 0.7713 0.03073 0.1231
1 0.6125 0.4602 0.0224 0.07315
1 0.3104 0.3417 0.0125 0.05185
1 0.7927 0.3769 0.02031 0.05741
1 0.5094 0.3176 0.01458 0.04167
2 0.6469 0.4389 0.01823 0.07037
1 0.5448 0.4148 0.01927 0.06667
1 0.3328 0.4944 0.02187 0.07593
2 0.4161 0.2481 0.007292 0.0287
0 0.6276 0.6056 0.01042 0.01389
1 0.2495 0.3657 0.01615 0.05278
1 0.2844 0.7056 0.03177 0.1056
1 0.06563 0.5917 0.0276 0.09907
1 0.6156 0.7769 0.03958 0.1056
