1 0.5401 0.6685 0.02552 0.112
1 0.6104 0.5491 0.02083 0.08148
1 0.04323 0.487 0.025 0.08056
1 0.3016 0.6037 0.02083 0.07778
1 0.8745 0.4509 0.02083 0.0787
1 0.763 0.3806 0.01719 0.06111
1 0.6245 0.5713 0.02344 0.08611
1 0.4281 0.612 0.02344 0.09815
1 0.5354 0.4898 0.02031 0.08611
1 0.3109 0.3657 0.01198 0.05741
1 0.9031 0.4917 0.02031 0.08056
1 0.6667 0.4157 0.01667 0.07222
1 0.3271 0.3713 0.01615 0.0537
2 0.5167 0.4537 0.01771 0.07407
1 0.4568 0.4444 0.02083 0.07778
1 0.2906 0.5648 0.03281 0.06667
2 0.3911 0.2417 0.008333 0.03333
0 0.3167 0.5 0.01042 0.01759
1 0.1969 0.4611 0.02083 0.075
1 0.2932 0.6231 0.02083 0.07593
1 0.2656 0.5565 0.02187 0.07963
1 0.763 0.6972 0.02656 0.1065
1 0.9255 0.5861 0.02448 0.09907
