1 0.8922 0.5963 0.02396 0.08426
1 0.3385 0.4824 0.0276 0.06574
1 0.326 0.6185 0.025 0.08056
1 0.7344 0.5806 0.01823 0.07593
1 0.7833 0.4657 0.01354 0.06759
1 0.5089 0.4269 0.01354 0.05556
1 0.8411 0.3704 0.01198 0.04167
2 0.9948 0.4815 0.009896 0.06667
1 0.8073 0.4546 0.01667 0.06574
1 0.6125 0.4852 0.01823 0.06389
2 0.5036 0.3398 0.008854 0.03519
0 0.1229 0.4806 0.005208 0.007407
1 0.4984 0.413 0.01354 0.05278
1 0.4437 0.8972 0.0375 0.1324
1 0.149 0.5778 0.02292 0.08426
3 0.08281 0.4556 0.01875 0.05926
