1 0.6167 0.687 0.04792 0.1213
1 0.4135 0.5556 0.02344 0.09167
1 0.3005 0.6787 0.02813 0.1269
1 0.8719 0.4222 0.02292 0.09074
1 0.5531 0.3704 0.01927 0.07685
1 0.6984 0.4898 0.03125 0.09352
1 0.5917 0.5972 0.03802 0.05185
1 0.4031 0.4935 0.02135 0.1009
1 0.1875 0.3704 0.01562 0.075
1 0.9536 0.5028 0.03177 0.09907
1 0.5766 0.4759 0.02813 0.1
2 0.4146 0.4583 0.02292 0.075
1 0.08594 0.4093 0.01615 0.075
1 0.2344 0.5583 0.03542 0.1148
2 0.101 0.2102 0.01198 0.04352
0 0.3859 0.6065 0.007812 0.01296
1 0.4229 0.5315 0.0276 0.1
1 0.08333 0.7463 0.04115 0.1315
1 0.799 0.7102 0.0375 0.1083
1 0.9062 0.5343 0.0276 0.09815
