1 0.5214 0.6935 0.02396 0.09907
1 0.6375 0.5611 0.03229 0.07685
1 0.1917 0.6296 0.02031 0.09815
1 0.8401 0.4574 0.01771 0.07037
1 0.7146 0.3889 0.02292 0.05556
1 0.6156 0.5769 0.01875 0.08056
1 0.3328 0.6815 0.02344 0.1065
1 0.5036 0.5028 0.0151 0.08426
1 0.2156 0.3796 0.01771 0.05741
1 0.85 0.5028 0.025 0.07685
1 0.6104 0.4296 0.02396 0.07037
1 0.2714 0.3787 0.01406 0.04722
2 0.4656 0.4694 0.02083 0.07407
1 0.426 0.4611 0.01562 0.07685
1 0.2943 0.5843 0.03698 0.08796
2 0.3177 0.262 0.009375 0.03241
0 0.4297 0.2352 0.008854 0.01389
1 0.1615 0.4537 0.02187 0.06389
1 0.2427 0.6769 0.02552 0.09815
1 0.1313 0.6231 0.02813 0.1028
1 0.7375 0.7556 0.03333 0.1148
1 0.9005 0.5963 0.0375 0.08796
