1 0.5396 0.8824 0.05833 0.1528
1 0.4964 0.5815 0.02187 0.1157
1 0.4776 0.5648 0.03125 0.1037
1 0.6526 0.6954 0.02552 0.1352
1 0.9922 0.4074 0.01458 0.09352
1 0.8927 0.3306 0.01354 0.075
1 0.7927 0.462 0.01667 0.09722
1 0.7365 0.5583 0.03542 0.06574
1 0.5557 0.3861 0.01302 0.08241
1 0.5016 0.337 0.0276 0.05741
1 0.5177 0.4741 0.02656 0.08796
1 0.5391 0.3176 0.02187 0.05741
1 0.4974 0.2833 0.01667 0.04815
2 0.4729 0.3593 0.01562 0.07685
1 0.3458 0.3944 0.01719 0.08704
1 0.1349 0.4657 0.01458 0.1009
2 0.1057 0.2574 0.01406 0.05463
0 0.3703 0.4963 0.01198 0.01019
