1 0.5297 0.7093 0.04063 0.09074
1 0.5396 0.588 0.03073 0.08889
1 0.09219 0.4944 0.02656 0.08889
1 0.3073 0.6037 0.02187 0.08981
1 0.8547 0.4519 0.02396 0.07778
1 0.7307 0.3796 0.01562 0.06481
1 0.5885 0.5907 0.02656 0.09444
1 0.449 0.5963 0.0224 0.09167
1 0.5115 0.4852 0.02292 0.08519
1 0.3078 0.3648 0.01302 0.06019
1 0.8911 0.487 0.02813 0.08148
1 0.6578 0.4102 0.01667 0.07222
1 0.2839 0.3787 0.01458 0.05741
2 0.4932 0.4463 0.01667 0.07778
1 0.424 0.4454 0.02187 0.07685
1 0.312 0.6231 0.03021 0.05833
2 0.3745 0.2324 0.006771 0.03426
0 0.5917 0.438 0.01094 0.01574
1 0.1557 0.4815 0.02292 0.08426
1 0.2578 0.6259 0.02813 0.08796
1 0.1823 0.5472 0.02344 0.08889
1 0.7448 0.7046 0.03906 0.08333
1 0.9198 0.5843 0.03385 0.09074
