1 0.8906 0.5935 0.02604 0.08426
1 0.3458 0.4815 0.02187 0.06481
1 0.3385 0.6287 0.0375 0.08426
1 0.7422 0.5778 0.02448 0.07315
1 0.7635 0.4611 0.01615 0.06667
1 0.4984 0.4269 0.01875 0.05648
1 0.8297 0.3648 0.01094 0.04259
2 0.9932 0.4741 0.0125 0.05278
1 0.7896 0.4509 0.01875 0.06296
1 0.5984 0.4833 0.01875 0.06389
2 0.4911 0.3389 0.01042 0.03611
0 0.1307 0.4796 0.005208 0.007407
1 0.4828 0.4157 0.01198 0.0537
1 0.4427 0.9065 0.03177 0.1352
1 0.1297 0.5722 0.02448 0.08241
3 0.04896 0.4528 0.01719 0.05926
