1 0.6396 0.6889 0.02969 0.1157
1 0.4458 0.5713 0.02917 0.075
1 0.1578 0.7231 0.02969 0.1259
1 0.7536 0.4398 0.01875 0.08056
1 0.4625 0.3852 0.01979 0.06574
1 0.6229 0.487 0.01771 0.08519
1 0.4422 0.5898 0.04115 0.04352
1 0.388 0.4935 0.02969 0.06667
1 0.08438 0.4046 0.01458 0.07222
1 0.8302 0.5074 0.01927 0.08981
1 0.4323 0.4833 0.02917 0.08056
2 0.3234 0.5 0.01771 0.08889
1 0.01875 0.4593 0.0125 0.07315
1 0.4313 0.6315 0.0401 0.1028
2 0.02917 0.2454 0.01042 0.03889
0 0.3969 0.5843 0.006771 0.01296
1 0.2406 0.5176 0.0276 0.08056
1 0.1391 0.7602 0.03229 0.1259
1 0.8406 0.7361 0.04115 0.1213
1 0.8906 0.5259 0.02656 0.08519
