1 0.5286 0.6787 0.02083 0.1046
1 0.6292 0.5556 0.01979 0.07685
1 0.2469 0.6185 0.02292 0.08333
1 0.8557 0.4546 0.02135 0.07407
1 0.7406 0.3843 0.01406 0.05926
1 0.6297 0.575 0.02813 0.08611
1 0.3802 0.65 0.01927 0.1065
1 0.5172 0.5 0.0276 0.07778
1 0.2609 0.375 0.0125 0.05833
1 0.875 0.5 0.01823 0.08056
1 0.6365 0.4231 0.01823 0.07037
1 0.3021 0.3741 0.01562 0.0463
2 0.4911 0.463 0.01771 0.07407
1 0.4417 0.4537 0.01927 0.07593
1 0.2859 0.5935 0.02813 0.08704
2 0.3542 0.2537 0.009375 0.03241
0 0.3651 0.3296 0.009896 0.01481
1 0.1818 0.4574 0.0224 0.0713
1 0.263 0.6407 0.02292 0.09259
1 0.2177 0.6185 0.02604 0.09074
1 0.7557 0.725 0.02708 0.1111
1 0.9078 0.5907 0.025 0.09352
