1 0.4286 0.7574 0.03125 0.1231
1 0.574 0.6176 0.03125 0.08889
1 0.7182 0.438 0.01927 0.06852
1 0.5844 0.3694 0.01354 0.05741
1 0.463 0.5954 0.02292 0.1
1 0.08802 0.7889 0.03594 0.1278
1 0.3917 0.488 0.01979 0.08241
1 0.03594 0.3787 0.01719 0.05741
1 0.7302 0.475 0.01771 0.06759
1 0.5146 0.3991 0.01354 0.06389
1 0.1714 0.3583 0.0125 0.04722
2 0.3656 0.4602 0.01771 0.07222
1 0.299 0.4454 0.02083 0.07315
1 0.151 0.55 0.0276 0.08704
2 0.151 0.2648 0.01042 0.03333
0 0.7083 0.5426 0.007292 0.01296
1 0.005208 0.4278 0.01042 0.06296
1 0.02344 0.762 0.03177 0.1139
1 0.5302 0.7667 0.0401 0.1167
1 0.737 0.5491 0.02865 0.08333
