1 0.5312 0.6741 0.03333 0.1028
1 0.6224 0.5537 0.01562 0.07778
1 0.2641 0.613 0.02135 0.07407
1 0.8583 0.4546 0.02865 0.07407
1 0.7474 0.3843 0.01146 0.05926
1 0.6312 0.575 0.03073 0.08611
1 0.3932 0.6389 0.01562 0.1019
1 0.5214 0.4963 0.02083 0.07778
1 0.276 0.3722 0.01302 0.05741
1 0.8823 0.4991 0.02344 0.08056
1 0.6448 0.4213 0.01823 0.07037
1 0.3104 0.3741 0.01458 0.04722
2 0.4979 0.4611 0.01354 0.07407
1 0.4474 0.45 0.01667 0.07778
1 0.2833 0.5898 0.04375 0.08796
2 0.3661 0.25 0.009375 0.03241
0 0.3422 0.3796 0.01042 0.01574
1 0.1865 0.4602 0.02031 0.07222
1 0.2682 0.6315 0.02135 0.09352
1 0.2417 0.612 0.02813 0.1019
1 0.7646 0.725 0.0349 0.1093
1 0.912 0.5907 0.01823 0.09352
