1 0.575 0.6917 0.04219 0.1204
1 0.4214 0.5741 0.02969 0.1102
1 0.3745 0.662 0.03333 0.1222
1 0.9109 0.4185 0.02969 0.09167
1 0.5813 0.3565 0.01667 0.07222
1 0.7318 0.4981 0.02604 0.09352
1 0.649 0.5981 0.04792 0.05648
1 0.4219 0.4454 0.01354 0.04537
1 0.2214 0.362 0.02031 0.07315
1 0.9568 0.5 0.03177 0.0963
1 0.6177 0.4593 0.02969 0.08981
2 0.4469 0.4657 0.02448 0.09352
1 0.1052 0.3889 0.01771 0.07037
1 0.1891 0.5454 0.03073 0.1074
2 0.1313 0.1991 0.009375 0.04444
0 0.4156 0.6324 0.009896 0.01296
1 0.4292 0.5028 0.03229 0.1019
1 0.04896 0.7389 0.03333 0.1417
1 0.7667 0.7444 0.02813 0.1185
1 0.9172 0.5472 0.02813 0.1009
