1 0.4484 0.7815 0.03229 0.1204
1 0.5589 0.6667 0.03698 0.1
1 0.04115 0.6167 0.02917 0.09815
1 0.7807 0.4185 0.0224 0.06574
1 0.6661 0.3546 0.01823 0.05093
1 0.4896 0.6065 0.02604 0.09444
1 0.0901 0.7796 0.03438 0.1204
1 0.4557 0.4546 0.02448 0.07778
1 0.1432 0.3444 0.0125 0.05463
1 0.8052 0.4426 0.02344 0.06667
1 0.6167 0.362 0.02031 0.05926
1 0.3073 0.3194 0.01458 0.04074
2 0.4589 0.4315 0.02135 0.06574
1 0.3651 0.4157 0.02031 0.06574
1 0.1938 0.513 0.02552 0.08056
2 0.2464 0.2398 0.007292 0.03056
0 0.6828 0.5509 0.00625 0.01019
1 0.08177 0.3806 0.02187 0.06019
1 0.1271 0.7028 0.03385 0.09722
1 0.5193 0.7407 0.04427 0.1046
1 0.8297 0.512 0.01875 0.06759
