1 0.713 0.6898 0.02969 0.112
1 0.488 0.5528 0.03333 0.08611
1 0.00625 0.613 0.01302 0.1213
1 0.2797 0.6898 0.02344 0.1231
1 0.8708 0.4463 0.0224 0.08704
1 0.5698 0.388 0.01198 0.07222
1 0.7219 0.4917 0.01615 0.08611
1 0.5651 0.5935 0.04063 0.0463
1 0.4365 0.5194 0.02656 0.09167
1 0.2125 0.3917 0.01562 0.07037
1 0.9656 0.5213 0.01823 0.09259
1 0.5615 0.488 0.01823 0.09074
2 0.4307 0.4806 0.02031 0.06944
1 0.137 0.4352 0.0125 0.0713
1 0.3927 0.5972 0.02969 0.1037
2 0.1422 0.237 0.01094 0.03981
0 0.426 0.5602 0.005729 0.01111
1 0.4115 0.5213 0.03594 0.08704
1 0.2151 0.7287 0.03125 0.1222
1 0.008333 0.5648 0.01667 0.1046
1 0.8958 0.7176 0.03021 0.1194
1 0.9646 0.5352 0.03021 0.08889
