1 0.4578 0.7407 0.03594 0.1102
1 0.6104 0.5991 0.03229 0.07407
1 0.7552 0.4519 0.02187 0.06759
1 0.6021 0.3741 0.01406 0.05648
1 0.4958 0.5833 0.02135 0.08333
1 0.1474 0.7787 0.04167 0.1231
1 0.4115 0.5046 0.02292 0.07685
1 0.04323 0.3861 0.01406 0.05741
1 0.7422 0.4935 0.01979 0.07593
1 0.5193 0.4167 0.01667 0.06481
1 0.1526 0.3694 0.01354 0.05185
2 0.3677 0.4685 0.01562 0.075
1 0.326 0.4574 0.01927 0.07037
1 0.1896 0.5574 0.03438 0.08519
2 0.1609 0.2667 0.009375 0.03333
0 0.6135 0.3593 0.008854 0.01667
1 0.02031 0.4398 0.02396 0.06667
1 0.06302 0.7583 0.04583 0.1037
1 0.5974 0.7861 0.03021 0.1204
1 0.7609 0.562 0.02344 0.08796
