1 0.6286 0.725 0.0349 0.1028
1 0.4422 0.6194 0.03281 0.1019
1 0.1005 0.6065 0.02969 0.09722
1 0.6755 0.4065 0.02344 0.07593
1 0.5115 0.3463 0.0151 0.06667
1 0.4844 0.5694 0.02917 0.09537
1 0.312 0.5926 0.025 0.1019
1 0.3135 0.4481 0.01562 0.08426
1 0.1062 0.3528 0.01771 0.06389
1 0.7135 0.4472 0.02708 0.075
1 0.4458 0.3778 0.01927 0.0713
1 0.07083 0.3787 0.01719 0.06204
2 0.3172 0.4148 0.02708 0.07037
1 0.2365 0.4324 0.025 0.08056
1 0.07708 0.6213 0.03125 0.1074
2 0.1672 0.2046 0.008854 0.03519
0 0.8349 0.6222 0.01042 0.01574
1 0.02292 0.6944 0.04531 0.1222
1 0.7802 0.6898 0.04688 0.09815
1 0.8203 0.537 0.03698 0.08981
