1 0.9151 0.7685 0.03073 0.1148
1 0.7719 0.6139 0.02292 0.08333
1 0.0651 0.4491 0.01875 0.06852
1 0.2458 0.5787 0.02448 0.075
1 0.9094 0.6028 0.01979 0.09444
1 0.5323 0.6667 0.03333 0.09352
1 0.8187 0.462 0.01302 0.06481
1 0.45 0.3769 0.01042 0.04907
1 0.7776 0.3528 0.01302 0.04167
2 0.8557 0.4648 0.0151 0.06574
1 0.7781 0.4398 0.01354 0.06574
1 0.5115 0.4796 0.0151 0.06481
2 0.5578 0.2954 0.007812 0.03519
0 0.2099 0.25 0.006771 0.009259
1 0.4323 0.3759 0.0125 0.05
1 0.3911 0.8731 0.03385 0.1315
1 0.1714 0.5926 0.02083 0.08796
3 0.08438 0.4046 0.01302 0.05741
1 0.9786 0.7954 0.02969 0.1065
