1 0.6687 0.6843 0.02552 0.112
1 0.4526 0.5759 0.02969 0.05833
1 0.2068 0.712 0.03281 0.1194
1 0.7922 0.4435 0.0224 0.08241
1 0.5021 0.3889 0.02083 0.06667
1 0.6578 0.4926 0.02083 0.08426
1 0.475 0.5935 0.04844 0.03981
1 0.4141 0.5037 0.03281 0.075
1 0.1339 0.4028 0.01562 0.06944
1 0.8719 0.513 0.02292 0.09074
1 0.4734 0.4833 0.02813 0.09074
2 0.3615 0.4981 0.01719 0.08889
1 0.06719 0.4519 0.01406 0.07222
1 0.4276 0.6231 0.03854 0.1037
2 0.07552 0.2463 0.0125 0.03889
0 0.3937 0.5741 0.006771 0.01296
1 0.2891 0.5194 0.03542 0.08241
1 0.1771 0.7454 0.03385 0.1231
1 0.8599 0.7315 0.02865 0.1222
1 0.9167 0.5306 0.03177 0.09444
