1 0.4906 0.7185 0.03438 0.09907
1 0.626 0.5796 0.03021 0.0713
1 0.06198 0.6398 0.025 0.09537
1 0.7984 0.4602 0.02396 0.06667
1 0.6443 0.3796 0.01458 0.05648
1 0.5464 0.5722 0.02292 0.08148
1 0.2385 0.7565 0.0375 0.1204
1 0.4505 0.5065 0.02813 0.0787
1 0.1026 0.3833 0.01771 0.05648
1 0.7828 0.5 0.01979 0.08056
1 0.5552 0.4269 0.02031 0.06944
1 0.1906 0.3741 0.01354 0.0537
2 0.4042 0.4722 0.01875 0.07222
1 0.374 0.4676 0.025 0.06944
1 0.2557 0.5694 0.03802 0.07593
2 0.2177 0.2648 0.01146 0.03333
0 0.5266 0.2361 0.008333 0.01389
1 0.08385 0.4481 0.02813 0.06111
1 0.1583 0.7324 0.04375 0.09907
1 0.6646 0.7769 0.03281 0.1222
1 0.826 0.5769 0.03385 0.08333
