1 0.6464 0.687 0.04271 0.1194
1 0.437 0.5528 0.03177 0.09074
1 0.2896 0.687 0.03646 0.1278
1 0.8729 0.4306 0.0224 0.08889
1 0.5646 0.3769 0.02448 0.07222
1 0.7068 0.4907 0.03177 0.09259
1 0.5891 0.5981 0.03802 0.05093
1 0.4167 0.5019 0.02187 0.09074
1 0.201 0.3778 0.01979 0.07315
1 0.9615 0.512 0.02708 0.0963
1 0.5823 0.4796 0.01615 0.09537
2 0.4219 0.4519 0.02135 0.05278
1 0.1052 0.4139 0.01615 0.075
1 0.2698 0.563 0.04167 0.1083
2 0.1135 0.2157 0.009896 0.04167
0 0.3974 0.5954 0.007812 0.01204
1 0.4422 0.5361 0.03021 0.09722
1 0.1214 0.7389 0.03906 0.1333
1 0.8203 0.7028 0.03438 0.1046
1 0.925 0.5296 0.03385 0.1
