1 0.4234 0.7657 0.03125 0.1231
1 0.5573 0.6278 0.02917 0.09352
1 0.7172 0.4343 0.01771 0.06852
1 0.5901 0.3667 0.01667 0.05741
1 0.4604 0.6 0.02708 0.1
1 0.07187 0.787 0.04375 0.1241
1 0.3964 0.4815 0.0224 0.07778
1 0.0474 0.3741 0.01615 0.05648
1 0.7339 0.4657 0.01875 0.07037
1 0.5292 0.3917 0.01354 0.06019
1 0.1911 0.3509 0.0125 0.0463
2 0.3776 0.4537 0.01771 0.0713
1 0.301 0.4398 0.0224 0.07222
1 0.1495 0.5407 0.02708 0.08519
2 0.1604 0.2639 0.007812 0.03241
0 0.7026 0.5648 0.007292 0.01204
1 0.008333 0.4204 0.01667 0.06481
1 0.02708 0.7537 0.03958 0.1028
1 0.5146 0.7593 0.03906 0.1093
1 0.7458 0.5444 0.02292 0.08241
