1 0.8812 0.5972 0.01615 0.08056
1 0.3078 0.4778 0.02969 0.06574
1 0.3063 0.6009 0.0224 0.0787
1 0.7094 0.5759 0.0276 0.07963
1 0.8036 0.4648 0.01354 0.06667
1 0.5161 0.4204 0.01406 0.05278
1 0.8458 0.3704 0.01458 0.03796
2 0.9828 0.4806 0.01667 0.06481
1 0.8203 0.4528 0.01406 0.06296
1 0.6135 0.4833 0.01979 0.06667
2 0.512 0.338 0.009375 0.03241
0 0.1089 0.4722 0.004687 0.007407
1 0.5042 0.4046 0.009375 0.0537
1 0.4427 0.887 0.03906 0.1278
1 0.1599 0.5815 0.01875 0.08519
3 0.1078 0.4491 0.01719 0.05278
