1 0.6036 0.7194 0.03646 0.09907
1 0.4495 0.6111 0.03333 0.1037
1 0.1385 0.5676 0.01979 0.04352
1 0.7089 0.4102 0.02344 0.07685
1 0.5526 0.3463 0.01719 0.06667
1 0.5026 0.5685 0.02656 0.09259
1 0.3396 0.5889 0.02344 0.09722
1 0.3484 0.4509 0.0224 0.08426
1 0.1464 0.3491 0.01302 0.06574
1 0.7495 0.4472 0.01927 0.07778
1 0.488 0.3778 0.01719 0.0713
1 0.1104 0.375 0.02448 0.06019
2 0.3479 0.4148 0.01667 0.05926
1 0.2729 0.4278 0.01458 0.0787
1 0.149 0.6213 0.04375 0.09907
2 0.2109 0.2056 0.01094 0.03333
0 0.8135 0.6491 0.01094 0.01574
1 0.01823 0.4824 0.02552 0.08333
1 0.06771 0.6778 0.05156 0.1167
1 0.00625 0.5519 0.01198 0.09259
1 0.7734 0.6926 0.05312 0.1028
1 0.8396 0.5426 0.03646 0.09352
