1 0.6807 0.688 0.02865 0.1102
1 0.4594 0.5843 0.03385 0.05833
1 0.2224 0.7074 0.03333 0.1157
1 0.8042 0.4463 0.025 0.08426
1 0.5156 0.3907 0.02187 0.06759
1 0.6714 0.4944 0.01927 0.08426
1 0.4885 0.5991 0.05156 0.03981
1 0.4208 0.5093 0.03438 0.0787
1 0.1505 0.4019 0.01458 0.06944
1 0.8875 0.5148 0.02187 0.08981
1 0.4896 0.4824 0.02604 0.0963
2 0.3755 0.4981 0.01719 0.08889
1 0.08333 0.4481 0.01406 0.07037
1 0.4266 0.6194 0.03542 0.1009
2 0.09062 0.2472 0.01354 0.03889
0 0.3943 0.5722 0.006771 0.01296
1 0.3063 0.5213 0.02969 0.08519
1 0.1901 0.7426 0.03385 0.1231
1 0.8703 0.7287 0.02604 0.1204
1 0.9266 0.5324 0.02917 0.09722
