1 0.4969 0.7806 0.04948 0.1185
1 0.5786 0.6731 0.04115 0.0963
1 0.1062 0.6028 0.02708 0.0963
1 0.862 0.4222 0.02708 0.06481
1 0.7526 0.3583 0.02187 0.05463
1 0.5406 0.6148 0.03438 0.08519
1 0.1302 0.7769 0.05365 0.1139
1 0.5276 0.4519 0.02292 0.075
1 0.2255 0.337 0.01198 0.05093
1 0.887 0.4481 0.02813 0.06667
1 0.6964 0.3639 0.01979 0.05278
1 0.4 0.3111 0.01562 0.04074
2 0.5464 0.4287 0.01771 0.06481
1 0.4453 0.4083 0.02448 0.06759
1 0.2547 0.4981 0.025 0.08241
2 0.3286 0.2361 0.008333 0.0287
0 0.6786 0.6333 0.008333 0.01389
1 0.1594 0.3694 0.01927 0.05741
1 0.2062 0.6898 0.02292 0.1028
1 0.5557 0.7528 0.04375 0.09907
1 0.9208 0.5139 0.02917 0.06574
