1 0.5891 0.6889 0.03385 0.1167
1 0.4443 0.5778 0.02917 0.1074
1 0.01094 0.5667 0.02187 0.1213
1 0.4036 0.6528 0.02917 0.1185
1 0.9323 0.4241 0.02604 0.08889
1 0.6005 0.3583 0.01667 0.0713
1 0.7495 0.5009 0.02708 0.09259
1 0.6714 0.5991 0.04583 0.05648
1 0.4448 0.4463 0.01667 0.04074
1 0.2505 0.363 0.01823 0.07037
1 0.9688 0.5046 0.0224 0.0963
1 0.6354 0.4565 0.02813 0.08704
2 0.4703 0.4657 0.02344 0.08981
1 0.1385 0.3815 0.01771 0.06759
1 0.2141 0.5454 0.03177 0.1074
2 0.1656 0.2056 0.009375 0.04259
0 0.4396 0.6306 0.009896 0.01296
1 0.4505 0.4991 0.03438 0.09722
1 0.08229 0.7296 0.03646 0.1343
1 0.7839 0.7417 0.03177 0.1176
1 0.9344 0.5537 0.03177 0.1046
