1 0.576 0.7185 0.04896 0.09815
1 0.4682 0.6019 0.03333 0.1028
1 0.008333 0.4981 0.01719 0.09444
1 0.1859 0.587 0.02135 0.1009
1 0.7547 0.4139 0.02344 0.0787
1 0.6042 0.3472 0.01667 0.06481
1 0.5234 0.5694 0.03125 0.09352
1 0.3745 0.5796 0.02813 0.09074
1 0.3958 0.4481 0.01875 0.08611
1 0.1979 0.3444 0.01875 0.06019
1 0.7865 0.4528 0.025 0.07685
1 0.5375 0.3787 0.01875 0.07222
1 0.1599 0.3676 0.01458 0.06019
2 0.3839 0.4176 0.02187 0.07315
1 0.3203 0.4241 0.01875 0.0787
1 0.2016 0.6241 0.04115 0.07407
2 0.2583 0.2019 0.007292 0.03426
0 0.7859 0.7352 0.01094 0.01852
1 0.05729 0.4741 0.02813 0.0787
1 0.1286 0.6481 0.04271 0.1157
1 0.04583 0.5444 0.03177 0.09167
1 0.7635 0.6917 0.03906 0.1019
1 0.8656 0.5481 0.03281 0.08704
