1 0.4719 0.775 0.04896 0.1176
1 0.5693 0.6722 0.03385 0.09167
1 0.08177 0.6093 0.0224 0.09815
1 0.8271 0.4176 0.02448 0.06481
1 0.7125 0.3556 0.025 0.05093
1 0.5193 0.612 0.0276 0.09074
1 0.112 0.7759 0.05365 0.1176
1 0.4958 0.4546 0.02135 0.07685
1 0.1917 0.338 0.01354 0.05093
1 0.8458 0.4463 0.03229 0.06296
1 0.663 0.362 0.01615 0.05556
1 0.3609 0.3111 0.01458 0.04074
2 0.5099 0.4269 0.01667 0.06204
1 0.4115 0.4093 0.02396 0.06852
1 0.2245 0.5 0.02813 0.08241
2 0.2943 0.2361 0.009896 0.03056
0 0.6797 0.5852 0.006771 0.01389
1 0.1266 0.3713 0.02083 0.05741
1 0.1745 0.687 0.02031 0.1046
1 0.5354 0.7435 0.04688 0.09815
1 0.8833 0.5111 0.02187 0.06667
