1 0.7401 0.7472 0.03854 0.1093
1 0.4021 0.6815 0.03385 0.1093
1 0.525 0.412 0.0224 0.06852
1 0.2906 0.3713 0.01302 0.07037
1 0.399 0.5806 0.03542 0.09907
1 0.1359 0.662 0.02344 0.1093
1 0.1208 0.4759 0.03125 0.08611
1 0.5693 0.4556 0.01979 0.08241
1 0.225 0.413 0.01979 0.07685
2 0.1615 0.4481 0.01875 0.08148
1 0.02344 0.475 0.02708 0.08704
0 0.8505 0.7083 0.009375 0.01574
1 0.8297 0.7185 0.02604 0.1019
1 0.7318 0.5259 0.02656 0.08796
3 0.9286 0.3157 0.01979 0.06296
2 0.9865 0.7694 0.02604 0.1306
