1 0.6464 0.6861 0.02604 0.1157
1 0.4453 0.5676 0.02708 0.06759
1 0.1703 0.7213 0.03073 0.1259
1 0.7635 0.4407 0.01875 0.08056
1 0.4724 0.3852 0.01979 0.06574
1 0.6318 0.487 0.01823 0.08519
1 0.449 0.5815 0.03698 0.0537
1 0.3979 0.4944 0.03021 0.06852
1 0.09688 0.4037 0.01562 0.0713
1 0.8391 0.5102 0.02135 0.09167
1 0.4411 0.4815 0.03021 0.08241
2 0.3323 0.4991 0.01771 0.08889
1 0.03021 0.4574 0.01302 0.07407
1 0.4307 0.6296 0.04115 0.1046
2 0.04375 0.2463 0.009375 0.03889
0 0.3922 0.5815 0.006771 0.01296
1 0.251 0.5176 0.0349 0.07963
1 0.1484 0.7556 0.03333 0.1241
1 0.8453 0.7333 0.03594 0.1167
1 0.8964 0.5269 0.03021 0.08796
