1 0.4458 0.7824 0.03333 0.1213
1 0.5583 0.6639 0.03646 0.09907
1 0.03542 0.6185 0.02813 0.09722
1 0.7703 0.4176 0.01875 0.06481
1 0.6578 0.3556 0.01771 0.05185
1 0.4854 0.6056 0.02604 0.09444
1 0.08594 0.7815 0.03542 0.1185
1 0.4484 0.4565 0.02344 0.0787
1 0.1333 0.3463 0.01302 0.05463
1 0.799 0.4435 0.02292 0.06667
1 0.6078 0.3639 0.01979 0.05926
1 0.2964 0.3213 0.01406 0.04167
2 0.451 0.4333 0.01979 0.06481
1 0.3573 0.4176 0.01979 0.06667
1 0.1875 0.5148 0.02552 0.08148
2 0.2375 0.2417 0.007292 0.03056
0 0.6854 0.5481 0.00625 0.01019
1 0.07344 0.3843 0.02083 0.06111
1 0.1156 0.7065 0.03438 0.09722
1 0.5167 0.7417 0.04167 0.1046
1 0.8146 0.5185 0.01979 0.07222
