1 0.8354 0.588 0.01979 0.08056
1 0.1969 0.4444 0.0151 0.06111
1 0.2948 0.5583 0.01979 0.08148
1 0.6333 0.5843 0.0151 0.06852
1 0.8641 0.4565 0.0125 0.06944
1 0.512 0.387 0.008854 0.05
1 0.8542 0.3565 0.009896 0.04074
2 0.9271 0.462 0.02292 0.06296
1 0.8365 0.438 0.0125 0.0537
1 0.5807 0.4676 0.02031 0.06389
2 0.5646 0.3111 0.008854 0.03426
0 0.1443 0.3833 0.005208 0.009259
1 0.4995 0.3769 0.01302 0.04352
1 0.4297 0.863 0.03385 0.1296
1 0.1688 0.5796 0.01823 0.08704
3 0.137 0.4259 0.02344 0.0537
