1 0.9859 0.9194 0.02708 0.1593
1 0.626 0.5741 0.02396 0.113
1 0.3563 0.512 0.03021 0.09907
1 0.6286 0.7324 0.04323 0.1324
1 0.8583 0.4787 0.0224 0.09907
1 0.7682 0.5481 0.03021 0.1028
1 0.713 0.3963 0.02917 0.08611
1 0.4859 0.3426 0.01562 0.07222
1 0.788 0.4824 0.03229 0.0963
1 0.8318 0.3259 0.03333 0.07593
1 0.6802 0.275 0.01719 0.06019
2 0.6521 0.3741 0.0224 0.08241
1 0.4833 0.3833 0.02031 0.08796
1 0.2099 0.4685 0.03021 0.09167
2 0.199 0.2509 0.01406 0.05556
0 0.1964 0.5111 0.006771 0.01111
1 0.04792 0.388 0.02292 0.08704
