1 0.537 0.7185 0.04375 0.09444
1 0.5141 0.5935 0.03177 0.08519
1 0.07135 0.4972 0.01927 0.08981
1 0.2797 0.6009 0.02396 0.0963
1 0.8323 0.4444 0.02135 0.07963
1 0.6969 0.375 0.01667 0.06389
1 0.5693 0.5898 0.025 0.09444
1 0.4344 0.5972 0.0224 0.0963
1 0.4865 0.4787 0.02031 0.08519
1 0.2797 0.3611 0.01302 0.06019
1 0.8677 0.4796 0.02292 0.08056
1 0.6276 0.4037 0.01875 0.0713
1 0.2474 0.3815 0.01562 0.06019
2 0.4646 0.4407 0.01667 0.07778
1 0.399 0.4417 0.02448 0.075
1 0.2865 0.6472 0.04323 0.05278
2 0.3438 0.2259 0.006771 0.03426
0 0.6635 0.513 0.01094 0.01574
1 0.1255 0.4815 0.02187 0.08333
1 0.2234 0.6352 0.03177 0.09537
1 0.1375 0.5491 0.025 0.08426
1 0.7448 0.7083 0.04115 0.08796
1 0.9094 0.5769 0.03385 0.1
