1 0.4229 0.7657 0.03125 0.125
1 0.5583 0.6259 0.02813 0.09352
1 0.7172 0.4343 0.01615 0.06852
1 0.588 0.3667 0.01615 0.05741
1 0.4604 0.6 0.02708 0.1009
1 0.07292 0.788 0.04219 0.1259
1 0.3943 0.4815 0.02344 0.0787
1 0.04479 0.3759 0.01667 0.05741
1 0.7333 0.4667 0.01823 0.06852
1 0.525 0.3935 0.01302 0.06111
1 0.1896 0.3519 0.0125 0.04722
2 0.374 0.4546 0.01719 0.0713
1 0.2995 0.4407 0.02344 0.07222
1 0.149 0.5426 0.02552 0.08611
2 0.1589 0.2639 0.009896 0.03241
0 0.7031 0.563 0.007292 0.01204
1 0.007292 0.4222 0.01458 0.06481
1 0.02552 0.7556 0.0375 0.1037
1 0.5151 0.7602 0.0401 0.1102
1 0.7443 0.5454 0.0224 0.08241
