1 0.476 0.7287 0.0349 0.1037
1 0.6193 0.588 0.03281 0.07222
1 0.02396 0.6407 0.02604 0.09259
1 0.7797 0.4593 0.025 0.06481
1 0.6219 0.3769 0.01562 0.05556
1 0.5214 0.5769 0.02187 0.0787
1 0.199 0.7713 0.04375 0.1222
1 0.4313 0.5056 0.02656 0.07963
1 0.06927 0.3843 0.01875 0.05648
1 0.7609 0.4972 0.01979 0.08056
1 0.5375 0.4231 0.02031 0.06667
1 0.1677 0.3722 0.01354 0.0537
2 0.3839 0.4713 0.01771 0.07222
1 0.3526 0.4639 0.025 0.06759
1 0.2276 0.5648 0.03594 0.08056
2 0.1875 0.2657 0.01042 0.03333
0 0.5552 0.2731 0.009375 0.01574
1 0.05104 0.4454 0.0276 0.06481
1 0.1177 0.7472 0.04635 0.09907
1 0.6354 0.7815 0.03438 0.1231
1 0.7943 0.5704 0.0276 0.08796
