1 0.4557 0.7417 0.03646 0.1102
1 0.6078 0.6 0.03229 0.075
1 0.751 0.45 0.01979 0.06852
1 0.5995 0.3741 0.01354 0.05648
1 0.4938 0.5843 0.0224 0.08426
1 0.1406 0.7796 0.03958 0.1231
1 0.4099 0.5037 0.0224 0.07685
1 0.04115 0.3861 0.01354 0.05741
1 0.7401 0.4935 0.01979 0.075
1 0.5172 0.4157 0.01562 0.06574
1 0.1521 0.3694 0.01354 0.05093
2 0.3656 0.4685 0.0151 0.075
1 0.3224 0.4565 0.01771 0.07222
1 0.1854 0.5556 0.0349 0.08611
2 0.1589 0.2667 0.009896 0.03333
0 0.6229 0.3741 0.009896 0.01667
1 0.01771 0.4389 0.02396 0.06667
1 0.05573 0.7611 0.04323 0.1065
1 0.5917 0.7852 0.02865 0.1204
1 0.7578 0.5611 0.02396 0.08796
