1 0.438 0.7815 0.03594 0.1222
1 0.5552 0.6556 0.03385 0.09537
1 0.01771 0.6269 0.02448 0.0963
1 0.751 0.4194 0.02552 0.06667
1 0.6323 0.3574 0.01615 0.05278
1 0.4745 0.6046 0.02604 0.09444
1 0.07344 0.787 0.0375 0.1148
1 0.4286 0.463 0.02135 0.0787
1 0.1036 0.3528 0.01354 0.05278
1 0.7786 0.4463 0.02083 0.06667
1 0.5807 0.3694 0.01771 0.06019
1 0.262 0.3287 0.01354 0.04352
2 0.4255 0.4398 0.01406 0.06481
1 0.3349 0.4241 0.01823 0.06852
1 0.1688 0.5231 0.02604 0.08426
2 0.2104 0.2481 0.00625 0.0287
0 0.6885 0.5546 0.00625 0.01019
1 0.04792 0.3944 0.01875 0.06204
1 0.08021 0.7167 0.03646 0.09722
1 0.5094 0.7435 0.03438 0.1056
1 0.788 0.5259 0.02396 0.07407
