1 0.6427 0.688 0.0276 0.1157
1 0.4453 0.5694 0.02813 0.0713
1 0.1641 0.7222 0.03021 0.1259
1 0.7589 0.4398 0.01875 0.08056
1 0.4677 0.3852 0.01979 0.06574
1 0.6266 0.487 0.01771 0.08519
1 0.4453 0.5861 0.03906 0.04815
1 0.3922 0.4935 0.02969 0.06759
1 0.0901 0.4037 0.0151 0.0713
1 0.8349 0.5083 0.02031 0.09074
1 0.4365 0.4824 0.02969 0.08148
2 0.3281 0.5 0.01771 0.08889
1 0.02448 0.4583 0.01302 0.07315
1 0.4313 0.6306 0.04063 0.1037
2 0.03594 0.2463 0.009896 0.03889
0 0.3953 0.5833 0.006771 0.01296
1 0.2458 0.5185 0.03125 0.08056
1 0.1443 0.7583 0.03281 0.125
1 0.8427 0.7343 0.03854 0.1194
1 0.8938 0.5259 0.02865 0.08704
