1 0.4354 0.7815 0.03646 0.1222
1 0.5547 0.6519 0.03281 0.09444
1 0.01146 0.6287 0.02344 0.09537
1 0.7438 0.4204 0.0276 0.06759
1 0.6229 0.3593 0.0151 0.0537
1 0.4708 0.6037 0.02604 0.09444
1 0.06927 0.7898 0.03854 0.1139
1 0.4224 0.4657 0.02083 0.07963
1 0.09427 0.3556 0.01354 0.05278
1 0.7729 0.4472 0.02031 0.06667
1 0.5719 0.3722 0.01719 0.06111
1 0.251 0.3306 0.01354 0.04352
2 0.4172 0.4426 0.0125 0.06481
1 0.3276 0.4269 0.01771 0.06944
1 0.1625 0.5259 0.02604 0.08519
2 0.2021 0.25 0.005729 0.0287
0 0.6901 0.5574 0.00625 0.01019
1 0.03958 0.3972 0.01771 0.06296
1 0.06927 0.7204 0.03698 0.09722
1 0.5068 0.7444 0.03177 0.1056
1 0.7786 0.5287 0.02552 0.075
