1 0.5234 0.6898 0.02448 0.1009
1 0.6359 0.5611 0.02656 0.07685
1 0.2005 0.6278 0.02135 0.09722
1 0.8432 0.4565 0.01771 0.0713
1 0.7182 0.387 0.02135 0.05648
1 0.6193 0.5759 0.02187 0.08148
1 0.3406 0.6759 0.02344 0.1074
1 0.5062 0.5019 0.01979 0.08241
1 0.224 0.3796 0.01615 0.05833
1 0.8542 0.5019 0.02187 0.07778
1 0.6146 0.4278 0.0224 0.07037
1 0.2776 0.3778 0.01458 0.04444
2 0.4703 0.4685 0.02135 0.07407
1 0.4297 0.4593 0.01823 0.07593
1 0.2927 0.587 0.0349 0.08796
2 0.324 0.2611 0.009375 0.03241
0 0.4193 0.2472 0.008854 0.01389
1 0.1651 0.4565 0.02187 0.06574
1 0.2464 0.6704 0.02552 0.0963
1 0.1448 0.6222 0.03125 0.09907
1 0.7406 0.7491 0.03646 0.113
1 0.9 0.5944 0.03333 0.08981
