1 0.6354 0.7259 0.04167 0.1065
1 0.4354 0.6278 0.02552 0.1019
1 0.07292 0.613 0.0276 0.09815
1 0.6526 0.4056 0.02396 0.07222
1 0.4844 0.3472 0.0151 0.06574
1 0.4729 0.5667 0.03438 0.0963
1 0.2927 0.5954 0.025 0.1019
1 0.2896 0.4472 0.02083 0.08333
1 0.075 0.3556 0.0151 0.06481
1 0.6948 0.4454 0.02708 0.075
1 0.4182 0.3815 0.01927 0.07222
1 0.04063 0.3833 0.01927 0.06204
2 0.2995 0.4176 0.02396 0.07222
1 0.2104 0.4343 0.02656 0.08241
1 0.04219 0.6259 0.03438 0.1093
2 0.1469 0.2056 0.01146 0.03426
0 0.8422 0.6287 0.009896 0.01574
1 0.7875 0.6898 0.05 0.1009
1 0.8094 0.5343 0.03177 0.09074
