1 0.4875 0.8704 0.06354 0.1639
1 0.488 0.5889 0.01823 0.113
1 0.5109 0.5778 0.02656 0.1204
1 0.6651 0.6907 0.02292 0.1352
1 0.9901 0.4157 0.01562 0.09352
1 0.8911 0.3389 0.02135 0.07407
1 0.8057 0.4787 0.02396 0.0787
1 0.7443 0.5435 0.02135 0.1056
1 0.5672 0.3898 0.02344 0.07963
1 0.5125 0.3435 0.01146 0.06944
1 0.5245 0.4778 0.01875 0.09444
1 0.4953 0.3269 0.01719 0.06667
1 0.4917 0.2824 0.01198 0.05278
2 0.4458 0.3648 0.02552 0.07315
1 0.3375 0.4046 0.02135 0.08704
1 0.1349 0.4713 0.01458 0.1009
2 0.1057 0.2667 0.01406 0.0537
0 0.501 0.5139 0.00625 0.01019
