1 0.7536 0.7426 0.04635 0.1046
1 0.3984 0.688 0.03177 0.1074
1 0.5115 0.413 0.03073 0.07222
1 0.263 0.3741 0.02083 0.06852
1 0.3875 0.5815 0.02552 0.1046
1 0.1141 0.675 0.03125 0.1093
1 0.09479 0.4769 0.01875 0.08704
1 0.551 0.4565 0.01979 0.0787
1 0.1958 0.4148 0.01823 0.07685
2 0.1406 0.45 0.02969 0.08148
1 0.008854 0.475 0.01771 0.08704
0 0.8448 0.7231 0.009375 0.01574
1 0.8271 0.7111 0.02344 0.1028
1 0.7182 0.5241 0.03177 0.08796
3 0.8995 0.3148 0.0151 0.06111
2 0.9797 0.7537 0.03958 0.1306
